"PointID","x","y","Density","Momentum_x","Momentum_y","Energy","Turb_Kin_Energy","Omega"
0, 1.000000000000000e+00, 3.300000000000000e-03, 3.626018102122314e-01, 0.000000000000000e+00, 0.000000000000000e+00, 6.148829848267698e+04, 1.000000000000000e-10, 1.348001302924705e+09
1, 1.000000000000000e+00, -2.200000000000000e-03, 3.663046433493737e-01, 0.000000000000000e+00, 0.000000000000000e+00, 6.226974769215425e+04, 1.000000000000000e-10, 1.337072866145835e+09
6, 9.970624071000000e-01, 3.890565800000000e-03, 4.165066965108585e-01, 0.000000000000000e+00, 0.000000000000000e+00, 7.053984306077502e+04, 1.000000000000000e-10, 1.172304944665943e+09
7, 9.941250122000000e-01, 4.482116400000000e-03, 4.268530496539245e-01, 0.000000000000000e+00, 0.000000000000000e+00, 7.222260466726056e+04, 1.000000000000000e-10, 1.142990690299152e+09
8, 9.911863511000000e-01, 5.067337600000000e-03, 4.122329525968753e-01, 0.000000000000000e+00, 0.000000000000000e+00, 6.963022591955135e+04, 1.000000000000000e-10, 1.181931393198177e+09
9, 9.882453375000000e-01, 5.640619800000000e-03, 4.060723903580265e-01, 0.000000000000000e+00, 0.000000000000000e+00, 6.843337187146698e+04, 1.000000000000000e-10, 1.197621705376544e+09
10, 9.853025951000000e-01, 6.204961100000000e-03, 4.093218854475533e-01, 0.000000000000000e+00, 0.000000000000000e+00, 6.882066861270838e+04, 1.000000000000000e-10, 1.185785102010069e+09
11, 9.823582610000000e-01, 6.760941000000000e-03, 4.130280873728957e-01, 0.000000000000000e+00, 0.000000000000000e+00, 6.928617080751917e+04, 1.000000000000000e-10, 1.172984312340014e+09
12, 9.794123284000000e-01, 7.308384000000000e-03, 4.124932261463771e-01, 0.000000000000000e+00, 0.000000000000000e+00, 6.904941657528099e+04, 1.000000000000000e-10, 1.172461491225349e+09
13, 9.764641925999999e-01, 7.843832699999999e-03, 4.104246149699216e-01, 0.000000000000000e+00, 0.000000000000000e+00, 6.857880049740498e+04, 1.000000000000000e-10, 1.176618763050417e+09
14, 9.735146296000000e-01, 8.371372199999999e-03, 4.102062590466161e-01, 0.000000000000000e+00, 0.000000000000000e+00, 6.844585674566413e+04, 1.000000000000000e-10, 1.175869675750655e+09
15, 9.705649844999999e-01, 8.898453400000001e-03, 4.107409231821562e-01, 0.000000000000000e+00, 0.000000000000000e+00, 6.845985564276383e+04, 1.000000000000000e-10, 1.173279466842444e+09
16, 9.676163612000001e-01, 9.431218700000001e-03, 4.110145466882728e-01, 0.000000000000000e+00, 0.000000000000000e+00, 6.844823179093972e+04, 1.000000000000000e-10, 1.171692886505716e+09
17, 9.646681685000000e-01, 9.966365099999999e-03, 4.105669672659037e-01, 0.000000000000000e+00, 0.000000000000000e+00, 6.833148326432801e+04, 1.000000000000000e-10, 1.172369715043967e+09
18, 9.617190649000000e-01, 1.049646250000000e-02, 4.095860050192468e-01, 0.000000000000000e+00, 0.000000000000000e+00, 6.814015726342845e+04, 1.000000000000000e-10, 1.174815179170758e+09
19, 9.587677714000000e-01, 1.101421520000000e-02, 4.082486950527544e-01, 0.000000000000000e+00, 0.000000000000000e+00, 6.790267666306053e+04, 1.000000000000000e-10, 1.178449388913754e+09
20, 9.558141732000000e-01, 1.151866560000000e-02, 4.070655525086934e-01, 0.000000000000000e+00, 0.000000000000000e+00, 6.769778667345022e+04, 1.000000000000000e-10, 1.181754709303730e+09
21, 9.528595023999999e-01, 1.201680390000000e-02, 4.068301930287394e-01, 0.000000000000000e+00, 0.000000000000000e+00, 6.765392287105913e+04, 1.000000000000000e-10, 1.182370487904095e+09
22, 9.499050355999999e-01, 1.251614840000000e-02, 4.071964256763250e-01, 0.000000000000000e+00, 0.000000000000000e+00, 6.770934998937481e+04, 1.000000000000000e-10, 1.181183227378639e+09
23, 9.469515835000000e-01, 1.302146080000000e-02, 4.073099630524558e-01, 0.000000000000000e+00, 0.000000000000000e+00, 6.772248648024793e+04, 1.000000000000000e-10, 1.180791098736800e+09
24, 9.439982552000000e-01, 1.352749770000000e-02, 4.064848136552827e-01, 0.000000000000000e+00, 0.000000000000000e+00, 6.757705299621358e+04, 1.000000000000000e-10, 1.183094332939496e+09
25, 9.410437731000000e-01, 1.402674480000000e-02, 4.047509599993540e-01, 0.000000000000000e+00, 0.000000000000000e+00, 6.728003859172063e+04, 1.000000000000000e-10, 1.188035067501365e+09
26, 9.380870172000000e-01, 1.451233270000000e-02, 4.037309658211613e-01, 0.000000000000000e+00, 0.000000000000000e+00, 6.710061863594255e+04, 1.000000000000000e-10, 1.190891067382015e+09
27, 9.351283061000000e-01, 1.498587720000000e-02, 4.041444115410501e-01, 0.000000000000000e+00, 0.000000000000000e+00, 6.715979810833531e+04, 1.000000000000000e-10, 1.189528591979755e+09
28, 9.321688618000000e-01, 1.545482400000000e-02, 4.049744821667550e-01, 0.000000000000000e+00, 0.000000000000000e+00, 6.728593704661986e+04, 1.000000000000000e-10, 1.186919149643740e+09
29, 9.292098398000000e-01, 1.592642560000000e-02, 4.051376223094927e-01, 0.000000000000000e+00, 0.000000000000000e+00, 6.730073468657139e+04, 1.000000000000000e-10, 1.186262683575269e+09
30, 9.262511042000000e-01, 1.639982330000000e-02, 4.041063022063158e-01, 0.000000000000000e+00, 0.000000000000000e+00, 6.711582573206002e+04, 1.000000000000000e-10, 1.189078046351200e+09
31, 9.232923687000000e-01, 1.687322100000000e-02, 4.028102580083255e-01, 0.000000000000000e+00, 0.000000000000000e+00, 6.688895859747747e+04, 1.000000000000000e-10, 1.192741012240337e+09
32, 9.203336331000000e-01, 1.734661870000000e-02, 4.030767903379666e-01, 0.000000000000000e+00, 0.000000000000000e+00, 6.692176121095316e+04, 1.000000000000000e-10, 1.191767465852991e+09
33, 9.173752952000001e-01, 1.782249320000000e-02, 4.034439645800170e-01, 0.000000000000000e+00, 0.000000000000000e+00, 6.697373784557518e+04, 1.000000000000000e-10, 1.190561221304559e+09
34, 9.144172403000000e-01, 1.830012520000000e-02, 4.029919860334050e-01, 0.000000000000000e+00, 0.000000000000000e+00, 6.688901623723780e+04, 1.000000000000000e-10, 1.191776300497114e+09
35, 9.114582624000001e-01, 1.877199790000000e-02, 4.016439473461088e-01, 0.000000000000000e+00, 0.000000000000000e+00, 6.665535356094506e+04, 1.000000000000000e-10, 1.195629889272784e+09
36, 9.084972381000000e-01, 1.923083950000000e-02, 4.007330838329197e-01, 0.000000000000000e+00, 0.000000000000000e+00, 6.649300569986300e+04, 1.000000000000000e-10, 1.198180963075901e+09
37, 9.055342297000000e-01, 1.967670440000000e-02, 4.006152186175015e-01, 0.000000000000000e+00, 0.000000000000000e+00, 6.646361102685565e+04, 1.000000000000000e-10, 1.198387467533582e+09
38, 9.025703724000000e-01, 2.011689840000000e-02, 4.009102456684602e-01, 0.000000000000000e+00, 0.000000000000000e+00, 6.650350990577423e+04, 1.000000000000000e-10, 1.197343350257563e+09
39, 8.996067964000000e-01, 2.055898050000000e-02, 4.012125405739771e-01, 0.000000000000000e+00, 0.000000000000000e+00, 6.654496531067154e+04, 1.000000000000000e-10, 1.196312602619206e+09
40, 8.966435791000000e-01, 2.100346310000000e-02, 4.011907545399545e-01, 0.000000000000000e+00, 0.000000000000000e+00, 6.653463451929193e+04, 1.000000000000000e-10, 1.196278134863061e+09
41, 8.936803618000000e-01, 2.144794570000000e-02, 4.007488513990267e-01, 0.000000000000000e+00, 0.000000000000000e+00, 6.645624458815499e+04, 1.000000000000000e-10, 1.197521551329977e+09
42, 8.907171444000000e-01, 2.189242830000000e-02, 4.004638771093402e-01, 0.000000000000000e+00, 0.000000000000000e+00, 6.640533594357735e+04, 1.000000000000000e-10, 1.198319472737440e+09
43, 8.877539271000000e-01, 2.233691090000000e-02, 3.999787785115158e-01, 0.000000000000000e+00, 0.000000000000000e+00, 6.632215174794229e+04, 1.000000000000000e-10, 1.199731930666313e+09
44, 8.847907098000000e-01, 2.278139350000000e-02, 3.986332797977979e-01, 0.000000000000000e+00, 0.000000000000000e+00, 6.609677142548139e+04, 1.000000000000000e-10, 1.203766263759236e+09
45, 8.818274925000000e-01, 2.322587610000000e-02, 3.979729526843848e-01, 0.000000000000000e+00, 0.000000000000000e+00, 6.598330136577315e+04, 1.000000000000000e-10, 1.205703672777809e+09
46, 8.788643591999999e-01, 2.367091770000000e-02, 3.983611501714327e-01, 0.000000000000000e+00, 0.000000000000000e+00, 6.604204878524451e+04, 1.000000000000000e-10, 1.204425057238868e+09
47, 8.759017882000000e-01, 2.411968790000000e-02, 3.986180141163588e-01, 0.000000000000000e+00, 0.000000000000000e+00, 6.607779041440824e+04, 1.000000000000000e-10, 1.203580836980941e+09
48, 8.729389200000000e-01, 2.456648860000000e-02, 3.979677251580380e-01, 0.000000000000000e+00, 0.000000000000000e+00, 6.596188284465116e+04, 1.000000000000000e-10, 1.205425470375487e+09
49, 8.699746207000000e-01, 2.500367940000000e-02, 3.963848245775819e-01, 0.000000000000000e+00, 0.000000000000000e+00, 6.569148846687238e+04, 1.000000000000000e-10, 1.210130057730393e+09
50, 8.670081947000000e-01, 2.542619980000000e-02, 3.954507125529780e-01, 0.000000000000000e+00, 0.000000000000000e+00, 6.552900777455718e+04, 1.000000000000000e-10, 1.212823820666713e+09
51, 8.640404269000000e-01, 2.583920470000000e-02, 3.958724804743460e-01, 0.000000000000000e+00, 0.000000000000000e+00, 6.559335146840387e+04, 1.000000000000000e-10, 1.211485039809817e+09
52, 8.610724042000000e-01, 2.625037680000000e-02, 3.967840725973577e-01, 0.000000000000000e+00, 0.000000000000000e+00, 6.573997765619485e+04, 1.000000000000000e-10, 1.208634818349608e+09
53, 8.581049055000000e-01, 2.666531320000000e-02, 3.972549393056580e-01, 0.000000000000000e+00, 0.000000000000000e+00, 6.581452377956231e+04, 1.000000000000000e-10, 1.207149839962170e+09
54, 8.551374771000000e-01, 2.708075320000000e-02, 3.967712067575903e-01, 0.000000000000000e+00, 0.000000000000000e+00, 6.573203879603751e+04, 1.000000000000000e-10, 1.208564317621918e+09
55, 8.521700487000000e-01, 2.749619320000000e-02, 3.959350616950503e-01, 0.000000000000000e+00, 0.000000000000000e+00, 6.559074513485818e+04, 1.000000000000000e-10, 1.211074446983825e+09
56, 8.492026203000000e-01, 2.791163320000000e-02, 3.955933479339201e-01, 0.000000000000000e+00, 0.000000000000000e+00, 6.552995037410175e+04, 1.000000000000000e-10, 1.212056806743525e+09
57, 8.462351919000000e-01, 2.832707310000000e-02, 3.949116763858494e-01, 0.000000000000000e+00, 0.000000000000000e+00, 6.541251856973956e+04, 1.000000000000000e-10, 1.214079999129635e+09
58, 8.432677635000000e-01, 2.874251310000000e-02, 3.945058094297851e-01, 0.000000000000000e+00, 0.000000000000000e+00, 6.534263836137747e+04, 1.000000000000000e-10, 1.215291323497357e+09
59, 8.403003351000000e-01, 2.915795310000000e-02, 3.947909000936466e-01, 0.000000000000000e+00, 0.000000000000000e+00, 6.538814221374423e+04, 1.000000000000000e-10, 1.214387474844728e+09
60, 8.373332662000000e-01, 2.957595020000000e-02, 3.950898041872752e-01, 0.000000000000000e+00, 0.000000000000000e+00, 6.543610983055578e+04, 1.000000000000000e-10, 1.213445228490706e+09
61, 8.343664342000000e-01, 2.999562810000000e-02, 3.946168988711797e-01, 0.000000000000000e+00, 0.000000000000000e+00, 6.535720855779765e+04, 1.000000000000000e-10, 1.214883576649396e+09
62, 8.313987667000000e-01, 3.040934680000000e-02, 3.932910974618655e-01, 0.000000000000000e+00, 0.000000000000000e+00, 6.513770000649548e+04, 1.000000000000000e-10, 1.218996790445674e+09
63, 8.284292787999999e-01, 3.080977400000000e-02, 3.924403769194936e-01, 0.000000000000000e+00, 0.000000000000000e+00, 6.499481023758358e+04, 1.000000000000000e-10, 1.221601227748641e+09
64, 8.254580666000000e-01, 3.119721670000000e-02, 3.924625728218634e-01, 0.000000000000000e+00, 0.000000000000000e+00, 6.499156267818066e+04, 1.000000000000000e-10, 1.221424975115330e+09
65, 8.224861366000000e-01, 3.157912440000000e-02, 3.928802022562435e-01, 0.000000000000000e+00, 0.000000000000000e+00, 6.505123109475189e+04, 1.000000000000000e-10, 1.219967847708521e+09
66, 8.195144758000000e-01, 3.196311810000000e-02, 3.931856327479274e-01, 0.000000000000000e+00, 0.000000000000000e+00, 6.509244488727702e+04, 1.000000000000000e-10, 1.218838070210589e+09
67, 8.165431104999999e-01, 3.234939560000000e-02, 3.931446032694129e-01, 0.000000000000000e+00, 0.000000000000000e+00, 6.507604592206360e+04, 1.000000000000000e-10, 1.218842690456924e+09
68, 8.135717453000000e-01, 3.273567310000000e-02, 3.927172581860057e-01, 0.000000000000000e+00, 0.000000000000000e+00, 6.500174333945992e+04, 1.000000000000000e-10, 1.220113878151150e+09
69, 8.106003801000000e-01, 3.312195060000000e-02, 3.924185681001241e-01, 0.000000000000000e+00, 0.000000000000000e+00, 6.495214948469253e+04, 1.000000000000000e-10, 1.221046461670564e+09
70, 8.076290148000000e-01, 3.350822810000000e-02, 3.918875556378071e-01, 0.000000000000000e+00, 0.000000000000000e+00, 6.486149238240911e+04, 1.000000000000000e-10, 1.222658057991498e+09
71, 8.046576496000000e-01, 3.389450560000000e-02, 3.905560152915518e-01, 0.000000000000000e+00, 0.000000000000000e+00, 6.463329766678566e+04, 1.000000000000000e-10, 1.226746741342623e+09
72, 8.016862843000000e-01, 3.428078300000000e-02, 3.898280769496040e-01, 0.000000000000000e+00, 0.000000000000000e+00, 6.450448168333306e+04, 1.000000000000000e-10, 1.228868433446014e+09
73, 7.987150113000000e-01, 3.466776800000000e-02, 3.901012819167565e-01, 0.000000000000000e+00, 0.000000000000000e+00, 6.453955731119376e+04, 1.000000000000000e-10, 1.227809133226439e+09
74, 7.957442224000000e-01, 3.505845300000000e-02, 3.903044956427730e-01, 0.000000000000000e+00, 0.000000000000000e+00, 6.455731980772613e+04, 1.000000000000000e-10, 1.227003340687787e+09
75, 7.927731192000000e-01, 3.544673620000000e-02, 3.894688968579633e-01, 0.000000000000000e+00, 0.000000000000000e+00, 6.440433307225659e+04, 1.000000000000000e-10, 1.229403465118458e+09
76, 7.898007096000000e-01, 3.582487200000000e-02, 3.876104996570384e-01, 0.000000000000000e+00, 0.000000000000000e+00, 6.408185223509424e+04, 1.000000000000000e-10, 1.235033597538328e+09
77, 7.868264558000000e-01, 3.618821970000000e-02, 3.864801784363153e-01, 0.000000000000000e+00, 0.000000000000000e+00, 6.387958995224324e+04, 1.000000000000000e-10, 1.238421698180541e+09
78, 7.838510978000000e-01, 3.654242800000000e-02, 3.866917130116529e-01, 0.000000000000000e+00, 0.000000000000000e+00, 6.389516119977795e+04, 1.000000000000000e-10, 1.237434757654391e+09
79, 7.808755783000000e-01, 3.689528040000000e-02, 3.873162593381940e-01, 0.000000000000000e+00, 0.000000000000000e+00, 6.397839211527864e+04, 1.000000000000000e-10, 1.235103614807406e+09
80, 7.779005125000000e-01, 3.725193850000000e-02, 3.876200726147711e-01, 0.000000000000000e+00, 0.000000000000000e+00, 6.400466431691016e+04, 1.000000000000000e-10, 1.233755653697330e+09
81, 7.749254880000001e-01, 3.760894140000000e-02, 3.866139367514899e-01, 0.000000000000000e+00, 0.000000000000000e+00, 6.382243587313699e+04, 1.000000000000000e-10, 1.236699762411516e+09
82, 7.719504636000000e-01, 3.796594440000000e-02, 3.853683018916849e-01, 0.000000000000000e+00, 0.000000000000000e+00, 6.361318888406374e+04, 1.000000000000000e-10, 1.240621291649213e+09
83, 7.689754391000000e-01, 3.832294730000000e-02, 3.847107180986316e-01, 0.000000000000000e+00, 0.000000000000000e+00, 6.349555674819847e+04, 1.000000000000000e-10, 1.242595338282271e+09
84, 7.660004146000000e-01, 3.867995020000000e-02, 3.839215248635105e-01, 0.000000000000000e+00, 0.000000000000000e+00, 6.334772865040399e+04, 1.000000000000000e-10, 1.244864945116750e+09
85, 7.630253902000000e-01, 3.903695320000000e-02, 3.834602750543525e-01, 0.000000000000000e+00, 0.000000000000000e+00, 6.324898863775693e+04, 1.000000000000000e-10, 1.245994776315940e+09
86, 7.600503657000000e-01, 3.939395610000000e-02, 3.834572804128117e-01, 0.000000000000000e+00, 0.000000000000000e+00, 6.322753857356991e+04, 1.000000000000000e-10, 1.245664105832402e+09
87, 7.570757010000000e-01, 3.975394130000000e-02, 3.832869750971327e-01, 0.000000000000000e+00, 0.000000000000000e+00, 6.317147206495202e+04, 1.000000000000000e-10, 1.245762865750883e+09
88, 7.541011654999999e-01, 4.011499540000000e-02, 3.820203618262689e-01, 0.000000000000000e+00, 0.000000000000000e+00, 6.293511470603378e+04, 1.000000000000000e-10, 1.249468774740709e+09
89, 7.511258242000000e-01, 4.046933410000000e-02, 3.795967433008163e-01, 0.000000000000000e+00, 0.000000000000000e+00, 6.250361389096236e+04, 1.000000000000000e-10, 1.256911779699891e+09
90, 7.481488621000000e-01, 4.080977130000000e-02, 3.780409043549213e-01, 0.000000000000000e+00, 0.000000000000000e+00, 6.221360352935235e+04, 1.000000000000000e-10, 1.261500076689984e+09
91, 7.451704939000000e-01, 4.113770130000000e-02, 3.781292755961063e-01, 0.000000000000000e+00, 0.000000000000000e+00, 6.218940332759689e+04, 1.000000000000000e-10, 1.260561292984047e+09
92, 7.421915967000000e-01, 4.146079960000000e-02, 3.786512052554711e-01, 0.000000000000000e+00, 0.000000000000000e+00, 6.223875654768181e+04, 1.000000000000000e-10, 1.258215119803219e+09
93, 7.392129909000000e-01, 4.178657100000000e-02, 3.787279204188652e-01, 0.000000000000000e+00, 0.000000000000000e+00, 6.220960384639440e+04, 1.000000000000000e-10, 1.257263712432049e+09
94, 7.362345880000000e-01, 4.211419530000000e-02, 3.770428800672981e-01, 0.000000000000000e+00, 0.000000000000000e+00, 6.189592078567132e+04, 1.000000000000000e-10, 1.262265650139234e+09
95, 7.332561850000000e-01, 4.244181960000000e-02, 3.753162787822582e-01, 0.000000000000000e+00, 0.000000000000000e+00, 6.158437040521477e+04, 1.000000000000000e-10, 1.267624167826537e+09
96, 7.302777821000001e-01, 4.276944400000000e-02, 3.749498931611258e-01, 0.000000000000000e+00, 0.000000000000000e+00, 6.149322863717780e+04, 1.000000000000000e-10, 1.268334541784392e+09
97, 7.272996700000000e-01, 4.309969770000000e-02, 3.747230836952265e-01, 0.000000000000000e+00, 0.000000000000000e+00, 6.141167113325460e+04, 1.000000000000000e-10, 1.268345693233871e+09
98, 7.243217382000000e-01, 4.343157600000000e-02, 3.733366926904218e-01, 0.000000000000000e+00, 0.000000000000000e+00, 6.113917056502886e+04, 1.000000000000000e-10, 1.272243216750974e+09
99, 7.213431270000000e-01, 4.375728880000000e-02, 3.706653606852039e-01, 0.000000000000000e+00, 0.000000000000000e+00, 6.065170454757900e+04, 1.000000000000000e-10, 1.280540078206661e+09
100, 7.183630640000001e-01, 4.406941800000000e-02, 3.688981425783210e-01, 0.000000000000000e+00, 0.000000000000000e+00, 6.031324098947299e+04, 1.000000000000000e-10, 1.285839118373381e+09
101, 7.153816632000000e-01, 4.436852160000000e-02, 3.688313678634905e-01, 0.000000000000000e+00, 0.000000000000000e+00, 6.025087664723165e+04, 1.000000000000000e-10, 1.285164991269417e+09
102, 7.123997234000000e-01, 4.466221600000000e-02, 3.692018423670609e-01, 0.000000000000000e+00, 0.000000000000000e+00, 6.026665087755791e+04, 1.000000000000000e-10, 1.283015476351593e+09
103, 7.094180101999999e-01, 4.495819900000000e-02, 3.691615309514676e-01, 0.000000000000000e+00, 0.000000000000000e+00, 6.021602254436273e+04, 1.000000000000000e-10, 1.282447742966647e+09
104, 7.064365126000000e-01, 4.525634870000000e-02, 3.680839068606370e-01, 0.000000000000000e+00, 0.000000000000000e+00, 6.000762299723725e+04, 1.000000000000000e-10, 1.285624352726621e+09
105, 7.034550149000000e-01, 4.555449850000000e-02, 3.668045688719757e-01, 0.000000000000000e+00, 0.000000000000000e+00, 5.977254606311847e+04, 1.000000000000000e-10, 1.289594219143664e+09
106, 7.004735172000000e-01, 4.585264830000000e-02, 3.665300530562474e-01, 0.000000000000000e+00, 0.000000000000000e+00, 5.969782713542991e+04, 1.000000000000000e-10, 1.290024105762592e+09
107, 6.974920194999999e-01, 4.615079800000000e-02, 3.652148369791774e-01, 0.000000000000000e+00, 0.000000000000000e+00, 5.944480855858290e+04, 1.000000000000000e-10, 1.293970953443914e+09
108, 6.945105217999999e-01, 4.644894780000000e-02, 3.632602581818600e-01, 0.000000000000000e+00, 0.000000000000000e+00, 5.908344288164285e+04, 1.000000000000000e-10, 1.300161867717946e+09
109, 6.915290242000000e-01, 4.674709760000000e-02, 3.622814931683479e-01, 0.000000000000000e+00, 0.000000000000000e+00, 5.887804790112018e+04, 1.000000000000000e-10, 1.302838214836459e+09
110, 6.885476161000000e-01, 4.704613990000000e-02, 3.618071307699339e-01, 0.000000000000000e+00, 0.000000000000000e+00, 5.876060143547422e+04, 1.000000000000000e-10, 1.303805207599339e+09
111, 6.855665742000000e-01, 4.734881320000000e-02, 3.612862838518618e-01, 0.000000000000000e+00, 0.000000000000000e+00, 5.863538106687958e+04, 1.000000000000000e-10, 1.304936212374489e+09
112, 6.825852395999999e-01, 4.764858270000000e-02, 3.596489671653654e-01, 0.000000000000000e+00, 0.000000000000000e+00, 5.833390363119957e+04, 1.000000000000000e-10, 1.310195016015263e+09
113, 6.796028435000000e-01, 4.793757530000000e-02, 3.570699034313994e-01, 0.000000000000000e+00, 0.000000000000000e+00, 5.787764751664574e+04, 1.000000000000000e-10, 1.318942306009498e+09
114, 6.766190426000001e-01, 4.821169240000000e-02, 3.557855121535841e-01, 0.000000000000000e+00, 0.000000000000000e+00, 5.763311892024018e+04, 1.000000000000000e-10, 1.323014603279859e+09
115, 6.736344527000000e-01, 4.847710350000000e-02, 3.562428827624001e-01, 0.000000000000000e+00, 0.000000000000000e+00, 5.767371600536288e+04, 1.000000000000000e-10, 1.320680637603979e+09
116, 6.706497918000000e-01, 4.874171610000000e-02, 3.567669345568153e-01, 0.000000000000000e+00, 0.000000000000000e+00, 5.773308292547036e+04, 1.000000000000000e-10, 1.318247393828919e+09
117, 6.676654681999999e-01, 4.901010790000000e-02, 3.561951191907103e-01, 0.000000000000000e+00, 0.000000000000000e+00, 5.761564023702700e+04, 1.000000000000000e-10, 1.319892433404785e+09
118, 6.646811620999999e-01, 4.927869540000000e-02, 3.539245477441840e-01, 0.000000000000000e+00, 0.000000000000000e+00, 5.722421139479349e+04, 1.000000000000000e-10, 1.327895493817134e+09
119, 6.616968561000000e-01, 4.954728290000000e-02, 3.523536842324618e-01, 0.000000000000000e+00, 0.000000000000000e+00, 5.695027920240384e+04, 1.000000000000000e-10, 1.333478385082459e+09
120, 6.587126148000000e-01, 4.981658670000000e-02, 3.522945257114348e-01, 0.000000000000000e+00, 0.000000000000000e+00, 5.692622216667248e+04, 1.000000000000000e-10, 1.333420849328588e+09
121, 6.557287142000000e-01, 5.008964140000000e-02, 3.523340534532220e-01, 0.000000000000000e+00, 0.000000000000000e+00, 5.692073794055811e+04, 1.000000000000000e-10, 1.333040775166696e+09
122, 6.527445878000000e-01, 5.036021100000000e-02, 3.512024264148689e-01, 0.000000000000000e+00, 0.000000000000000e+00, 5.672858541984983e+04, 1.000000000000000e-10, 1.337133415781714e+09
123, 6.497595392000000e-01, 5.062038200000000e-02, 3.489897189049251e-01, 0.000000000000000e+00, 0.000000000000000e+00, 5.635951726474382e+04, 1.000000000000000e-10, 1.345385079550017e+09
124, 6.467732199000000e-01, 5.086554410000000e-02, 3.477917195022162e-01, 0.000000000000000e+00, 0.000000000000000e+00, 5.615520401065794e+04, 1.000000000000000e-10, 1.349803251113748e+09
125, 6.437861620000001e-01, 5.110156080000000e-02, 3.482155135346499e-01, 0.000000000000000e+00, 0.000000000000000e+00, 5.622005678193864e+04, 1.000000000000000e-10, 1.348032775763730e+09
126, 6.407990088000000e-01, 5.133637300000000e-02, 3.492061843867442e-01, 0.000000000000000e+00, 0.000000000000000e+00, 5.638662105214492e+04, 1.000000000000000e-10, 1.344339353025103e+09
127, 6.378123096000000e-01, 5.157688470000000e-02, 3.497872209922109e-01, 0.000000000000000e+00, 0.000000000000000e+00, 5.649472300644602e+04, 1.000000000000000e-10, 1.342398441450727e+09
128, 6.348258525000000e-01, 5.182039160000000e-02, 3.494393114742335e-01, 0.000000000000000e+00, 0.000000000000000e+00, 5.645571610828739e+04, 1.000000000000000e-10, 1.344085232988814e+09
129, 6.318390014000000e-01, 5.205900390000000e-02, 3.485166879443657e-01, 0.000000000000000e+00, 0.000000000000000e+00, 5.632470515156756e+04, 1.000000000000000e-10, 1.348001515075588e+09
130, 6.288511656000000e-01, 5.228491860000000e-02, 3.476762247307459e-01, 0.000000000000000e+00, 0.000000000000000e+00, 5.620812535651875e+04, 1.000000000000000e-10, 1.351670031616280e+09
131, 6.258622963000000e-01, 5.249674920000000e-02, 3.480614923970100e-01, 0.000000000000000e+00, 0.000000000000000e+00, 5.628975427370231e+04, 1.000000000000000e-10, 1.350542316602399e+09
132, 6.228729552000000e-01, 5.270183440000000e-02, 3.497360845604020e-01, 0.000000000000000e+00, 0.000000000000000e+00, 5.658648311076896e+04, 1.000000000000000e-10, 1.344585919444650e+09
133, 6.198836982000000e-01, 5.290814110000000e-02, 3.511860575415214e-01, 0.000000000000000e+00, 0.000000000000000e+00, 5.685257732183387e+04, 1.000000000000000e-10, 1.339627136584026e+09
134, 6.168946444000000e-01, 5.311737490000000e-02, 3.510021832449713e-01, 0.000000000000000e+00, 0.000000000000000e+00, 5.685912119356466e+04, 1.000000000000000e-10, 1.341055613535984e+09
135, 6.139055905000000e-01, 5.332660870000000e-02, 3.493711071970743e-01, 0.000000000000000e+00, 0.000000000000000e+00, 5.662706920818998e+04, 1.000000000000000e-10, 1.347951902697402e+09
136, 6.109165367000000e-01, 5.353584240000000e-02, 3.496940545740368e-01, 0.000000000000000e+00, 0.000000000000000e+00, 5.671710146047847e+04, 1.000000000000000e-10, 1.347448681011968e+09
137, 6.079276023000000e-01, 5.374677020000000e-02, 3.510041062296752e-01, 0.000000000000000e+00, 0.000000000000000e+00, 5.697927369142227e+04, 1.000000000000000e-10, 1.343349560187147e+09
138, 6.049388740000000e-01, 5.396060430000000e-02, 3.521790598317980e-01, 0.000000000000000e+00, 0.000000000000000e+00, 5.723614706597594e+04, 1.000000000000000e-10, 1.340202778200683e+09
139, 6.019498206000000e-01, 5.416983050000000e-02, 3.523438899651083e-01, 0.000000000000000e+00, 0.000000000000000e+00, 5.733528973966715e+04, 1.000000000000000e-10, 1.340976460160947e+09
140, 5.989599226000000e-01, 5.436657950000000e-02, 3.516149754269932e-01, 0.000000000000000e+00, 0.000000000000000e+00, 5.729237380048061e+04, 1.000000000000000e-10, 1.345218759573012e+09
141, 5.959691164000001e-01, 5.454903410000000e-02, 3.519112539019764e-01, 0.000000000000000e+00, 0.000000000000000e+00, 5.740965217811197e+04, 1.000000000000000e-10, 1.345407706537796e+09
142, 5.929778870000000e-01, 5.472444030000000e-02, 3.537781782731661e-01, 0.000000000000000e+00, 0.000000000000000e+00, 5.778152965875806e+04, 1.000000000000000e-10, 1.339622958465542e+09
143, 5.899867137000000e-01, 5.490079730000000e-02, 3.560015514571787e-01, 0.000000000000000e+00, 0.000000000000000e+00, 5.820765601882429e+04, 1.000000000000000e-10, 1.332448353301287e+09
144, 5.869959152999999e-01, 5.508340180000000e-02, 3.572708052255010e-01, 0.000000000000000e+00, 0.000000000000000e+00, 5.847978747887729e+04, 1.000000000000000e-10, 1.328927812937174e+09
145, 5.840051705000000e-01, 5.526688670000000e-02, 3.570605986601044e-01, 0.000000000000000e+00, 0.000000000000000e+00, 5.850522693454065e+04, 1.000000000000000e-10, 1.330860956031116e+09
146, 5.810139992000000e-01, 5.544325400000000e-02, 3.559706965172131e-01, 0.000000000000000e+00, 0.000000000000000e+00, 5.838365793086284e+04, 1.000000000000000e-10, 1.336013276558284e+09
147, 5.780220176999999e-01, 5.560526350000000e-02, 3.563235900717441e-01, 0.000000000000000e+00, 0.000000000000000e+00, 5.848904944922609e+04, 1.000000000000000e-10, 1.335578316684565e+09
148, 5.750293853000000e-01, 5.575481730000000e-02, 3.584995193284249e-01, 0.000000000000000e+00, 0.000000000000000e+00, 5.889225784393639e+04, 1.000000000000000e-10, 1.328329182506876e+09
149, 5.720365281000001e-01, 5.589982500000000e-02, 3.609405650941294e-01, 0.000000000000000e+00, 0.000000000000000e+00, 5.933879749620991e+04, 1.000000000000000e-10, 1.320163111553043e+09
150, 5.690438169000001e-01, 5.604780920000000e-02, 3.622498008513546e-01, 0.000000000000000e+00, 0.000000000000000e+00, 5.960741881504449e+04, 1.000000000000000e-10, 1.316368351155648e+09
151, 5.660511873000000e-01, 5.619744060000000e-02, 3.619731922871974e-01, 0.000000000000000e+00, 0.000000000000000e+00, 5.962120647064695e+04, 1.000000000000000e-10, 1.318456155204109e+09
152, 5.630585577000000e-01, 5.634707210000000e-02, 3.619531372291712e-01, 0.000000000000000e+00, 0.000000000000000e+00, 5.968369792281483e+04, 1.000000000000000e-10, 1.319731732885418e+09
153, 5.600659280000000e-01, 5.649670360000000e-02, 3.636159055049803e-01, 0.000000000000000e+00, 0.000000000000000e+00, 6.003178365898623e+04, 1.000000000000000e-10, 1.315031598025502e+09
154, 5.570734513000000e-01, 5.664935650000000e-02, 3.652021698267013e-01, 0.000000000000000e+00, 0.000000000000000e+00, 6.037691475704232e+04, 1.000000000000000e-10, 1.310809315859888e+09
155, 5.540810301000000e-01, 5.680309730000000e-02, 3.654985267645131e-01, 0.000000000000000e+00, 0.000000000000000e+00, 6.050812283828240e+04, 1.000000000000000e-10, 1.311198553826149e+09
156, 5.510882624000000e-01, 5.694990830000000e-02, 3.645542995310134e-01, 0.000000000000000e+00, 0.000000000000000e+00, 6.042784189247409e+04, 1.000000000000000e-10, 1.315958475726382e+09
157, 5.480948308000000e-01, 5.708244870000000e-02, 3.647039626569491e-01, 0.000000000000000e+00, 0.000000000000000e+00, 6.050328532349398e+04, 1.000000000000000e-10, 1.316350244751319e+09
158, 5.451008633000000e-01, 5.720233900000000e-02, 3.664544394869315e-01, 0.000000000000000e+00, 0.000000000000000e+00, 6.081525539388462e+04, 1.000000000000000e-10, 1.310444950581599e+09
159, 5.421067085000000e-01, 5.731748330000000e-02, 3.681189768216365e-01, 0.000000000000000e+00, 0.000000000000000e+00, 6.108713543127294e+04, 1.000000000000000e-10, 1.304423609923416e+09
160, 5.391126656000000e-01, 5.743549340000000e-02, 3.685517613202979e-01, 0.000000000000000e+00, 0.000000000000000e+00, 6.113415991789669e+04, 1.000000000000000e-10, 1.302483199259914e+09
161, 5.361186917000000e-01, 5.755525230000000e-02, 3.676508263578695e-01, 0.000000000000000e+00, 0.000000000000000e+00, 6.094991994093188e+04, 1.000000000000000e-10, 1.305061586571519e+09
162, 5.331247178000000e-01, 5.767501130000000e-02, 3.660459429339270e-01, 0.000000000000000e+00, 0.000000000000000e+00, 6.065007011660851e+04, 1.000000000000000e-10, 1.310153177663503e+09
163, 5.301307440000000e-01, 5.779477020000000e-02, 3.652174945813199e-01, 0.000000000000000e+00, 0.000000000000000e+00, 6.047086502379144e+04, 1.000000000000000e-10, 1.312375527252409e+09
164, 5.271368887000000e-01, 5.791744960000000e-02, 3.643956901732659e-01, 0.000000000000000e+00, 0.000000000000000e+00, 6.026864461617217e+04, 1.000000000000000e-10, 1.314147194831278e+09
165, 5.241430848000000e-01, 5.804138270000000e-02, 3.623077833039819e-01, 0.000000000000000e+00, 0.000000000000000e+00, 5.984754406040912e+04, 1.000000000000000e-10, 1.320317910910379e+09
166, 5.211490097000000e-01, 5.815854030000000e-02, 3.591216854447520e-01, 0.000000000000000e+00, 0.000000000000000e+00, 5.924073829454028e+04, 1.000000000000000e-10, 1.330573861440349e+09
167, 5.181544149000000e-01, 5.826150360000000e-02, 3.575039082647326e-01, 0.000000000000000e+00, 0.000000000000000e+00, 5.890241617827730e+04, 1.000000000000000e-10, 1.335278093423273e+09
168, 5.151594046000000e-01, 5.835166060000000e-02, 3.580636038226121e-01, 0.000000000000000e+00, 0.000000000000000e+00, 5.893668189592756e+04, 1.000000000000000e-10, 1.332110624800289e+09
169, 5.121642494000000e-01, 5.843690760000000e-02, 3.591838608753950e-01, 0.000000000000000e+00, 0.000000000000000e+00, 5.908555028300759e+04, 1.000000000000000e-10, 1.327217994638637e+09
170, 5.091691748000000e-01, 5.852492480000000e-02, 3.596329648583447e-01, 0.000000000000000e+00, 0.000000000000000e+00, 5.913922962176707e+04, 1.000000000000000e-10, 1.325233941965007e+09
171, 5.061741541000000e-01, 5.861477540000000e-02, 3.587878341689504e-01, 0.000000000000000e+00, 0.000000000000000e+00, 5.900122707338113e+04, 1.000000000000000e-10, 1.328401256368098e+09
172, 5.031791335000000e-01, 5.870462600000000e-02, 3.580695157029539e-01, 0.000000000000000e+00, 0.000000000000000e+00, 5.889923838819659e+04, 1.000000000000000e-10, 1.331368697800612e+09
173, 5.001841129000000e-01, 5.879447660000000e-02, 3.588701676657798e-01, 0.000000000000000e+00, 0.000000000000000e+00, 5.906113360834918e+04, 1.000000000000000e-10, 1.328920684209694e+09
174, 4.971891791000000e-01, 5.888716460000000e-02, 3.595210087966400e-01, 0.000000000000000e+00, 0.000000000000000e+00, 5.918799552065704e+04, 1.000000000000000e-10, 1.326880184872687e+09
175, 4.941942883000000e-01, 5.898124000000000e-02, 3.586055896865622e-01, 0.000000000000000e+00, 0.000000000000000e+00, 5.904521763343649e+04, 1.000000000000000e-10, 1.330410265958751e+09
176, 4.911991976000000e-01, 5.906866820000000e-02, 3.562292467183966e-01, 0.000000000000000e+00, 0.000000000000000e+00, 5.863749867182811e+04, 1.000000000000000e-10, 1.339019386988529e+09
177, 4.882037299000000e-01, 5.914197000000000e-02, 3.549330125293133e-01, 0.000000000000000e+00, 0.000000000000000e+00, 5.837607768600035e+04, 1.000000000000000e-10, 1.343004208295701e+09
178, 4.852079712000000e-01, 5.920233930000000e-02, 3.552459433798973e-01, 0.000000000000000e+00, 0.000000000000000e+00, 5.834808814267098e+04, 1.000000000000000e-10, 1.340315082034883e+09
179, 4.822121140000000e-01, 5.925766320000000e-02, 3.554035279331975e-01, 0.000000000000000e+00, 0.000000000000000e+00, 5.827906427349641e+04, 1.000000000000000e-10, 1.337890528375167e+09
180, 4.792163079000000e-01, 5.931567380000000e-02, 3.545343054030315e-01, 0.000000000000000e+00, 0.000000000000000e+00, 5.802145249554711e+04, 1.000000000000000e-10, 1.338977533675030e+09
181, 4.762205389000000e-01, 5.937558920000000e-02, 3.522761896228787e-01, 0.000000000000000e+00, 0.000000000000000e+00, 5.753187112315657e+04, 1.000000000000000e-10, 1.345237420616414e+09
182, 4.732247699000000e-01, 5.943550460000000e-02, 3.490716003477397e-01, 0.000000000000000e+00, 0.000000000000000e+00, 5.689420206313401e+04, 1.000000000000000e-10, 1.355365075898313e+09
183, 4.702290009000000e-01, 5.949542000000000e-02, 3.470764398794560e-01, 0.000000000000000e+00, 0.000000000000000e+00, 5.644366672245882e+04, 1.000000000000000e-10, 1.360656828024544e+09
184, 4.672332890000000e-01, 5.955810270000000e-02, 3.452189673535113e-01, 0.000000000000000e+00, 0.000000000000000e+00, 5.599835506970845e+04, 1.000000000000000e-10, 1.365102468170601e+09
185, 4.642376084000000e-01, 5.962228340000000e-02, 3.421171742983037e-01, 0.000000000000000e+00, 0.000000000000000e+00, 5.535463742560364e+04, 1.000000000000000e-10, 1.374587915406796e+09
186, 4.612417964000000e-01, 5.967992670000000e-02, 3.382779472042379e-01, 0.000000000000000e+00, 0.000000000000000e+00, 5.459968393750863e+04, 1.000000000000000e-10, 1.387363117280467e+09
187, 4.582457490000000e-01, 5.972350630000000e-02, 3.365794737519153e-01, 0.000000000000000e+00, 0.000000000000000e+00, 5.422284347262235e+04, 1.000000000000000e-10, 1.392150907497967e+09
188, 4.552495377000000e-01, 5.975405020000000e-02, 3.375576725599247e-01, 0.000000000000000e+00, 0.000000000000000e+00, 5.431908009437888e+04, 1.000000000000000e-10, 1.386808365160258e+09
189, 4.522532772000000e-01, 5.977943380000000e-02, 3.396104064912018e-01, 0.000000000000000e+00, 0.000000000000000e+00, 5.463436191803945e+04, 1.000000000000000e-10, 1.378111121271970e+09
190, 4.492570403000000e-01, 5.980742960000000e-02, 3.412940282552858e-01, 0.000000000000000e+00, 0.000000000000000e+00, 5.492189374974516e+04, 1.000000000000000e-10, 1.371658600905848e+09
191, 4.462608221000000e-01, 5.983739180000000e-02, 3.417740247710839e-01, 0.000000000000000e+00, 0.000000000000000e+00, 5.503745091381002e+04, 1.000000000000000e-10, 1.370550058055236e+09
192, 4.432646038000000e-01, 5.986735400000000e-02, 3.420251097810167e-01, 0.000000000000000e+00, 0.000000000000000e+00, 5.512191063630304e+04, 1.000000000000000e-10, 1.370452128878328e+09
193, 4.402683855000000e-01, 5.989731610000000e-02, 3.427585267799920e-01, 0.000000000000000e+00, 0.000000000000000e+00, 5.528383452035100e+04, 1.000000000000000e-10, 1.368362776719977e+09
194, 4.372721672000000e-01, 5.992727830000000e-02, 3.429797913977338e-01, 0.000000000000000e+00, 0.000000000000000e+00, 5.537180983653370e+04, 1.000000000000000e-10, 1.368552365173852e+09
195, 4.342759490000000e-01, 5.995724050000000e-02, 3.430420053766415e-01, 0.000000000000000e+00, 0.000000000000000e+00, 5.545930924050569e+04, 1.000000000000000e-10, 1.369939255892544e+09
196, 4.312797307000000e-01, 5.998720270000000e-02, 3.446830533393475e-01, 0.000000000000000e+00, 0.000000000000000e+00, 5.583059168134454e+04, 1.000000000000000e-10, 1.365565264800255e+09
197, 4.282835251000000e-01, 6.001838500000000e-02, 3.475999595199278e-01, 0.000000000000000e+00, 0.000000000000000e+00, 5.643621392935693e+04, 1.000000000000000e-10, 1.356735678050690e+09
198, 4.252873570000000e-01, 6.005299780000000e-02, 3.503479844578686e-01, 0.000000000000000e+00, 0.000000000000000e+00, 5.704173670810842e+04, 1.000000000000000e-10, 1.349215487989916e+09
199, 4.222911490000000e-01, 6.008389620000000e-02, 3.519773403944409e-01, 0.000000000000000e+00, 0.000000000000000e+00, 5.747797458048243e+04, 1.000000000000000e-10, 1.346282112438138e+09
200, 4.192948456000000e-01, 6.010304610000000e-02, 3.525238671173242e-01, 0.000000000000000e+00, 0.000000000000000e+00, 5.773584513997641e+04, 1.000000000000000e-10, 1.347479928126047e+09
201, 4.162984826000000e-01, 6.010734210000000e-02, 3.537735720522223e-01, 0.000000000000000e+00, 0.000000000000000e+00, 5.807140093906155e+04, 1.000000000000000e-10, 1.345190958412319e+09
202, 4.133021170000000e-01, 6.010365170000000e-02, 3.559268788847980e-01, 0.000000000000000e+00, 0.000000000000000e+00, 5.850467004643616e+04, 1.000000000000000e-10, 1.338560057556641e+09
203, 4.103057513000000e-01, 6.010004530000000e-02, 3.578322691024564e-01, 0.000000000000000e+00, 0.000000000000000e+00, 5.884995434902052e+04, 1.000000000000000e-10, 1.332031862209984e+09
204, 4.073093833000000e-01, 6.010000000000000e-02, 3.588877947942322e-01, 0.000000000000000e+00, 0.000000000000000e+00, 5.902132989361700e+04, 1.000000000000000e-10, 1.328073026048172e+09
205, 4.043130152000000e-01, 6.010000000000000e-02, 3.586746244126491e-01, 0.000000000000000e+00, 0.000000000000000e+00, 5.896757806014115e+04, 1.000000000000000e-10, 1.328514797913602e+09
206, 4.013166471000000e-01, 6.010000000000000e-02, 3.580669632874032e-01, 0.000000000000000e+00, 0.000000000000000e+00, 5.883198566416743e+04, 1.000000000000000e-10, 1.330103492905037e+09
207, 3.983202790000000e-01, 6.010000000000000e-02, 3.567065135473311e-01, 0.000000000000000e+00, 0.000000000000000e+00, 5.853547513821584e+04, 1.000000000000000e-10, 1.333803800675385e+09
208, 3.953239109000000e-01, 6.010000000000000e-02, 3.540372953133870e-01, 0.000000000000000e+00, 0.000000000000000e+00, 5.799825309290376e+04, 1.000000000000000e-10, 1.341964622991906e+09
209, 3.923275428000000e-01, 6.010000000000000e-02, 3.513581794613690e-01, 0.000000000000000e+00, 0.000000000000000e+00, 5.744918622281086e+04, 1.000000000000000e-10, 1.350058396618658e+09
210, 3.893311748000000e-01, 6.010020870000000e-02, 3.492914960599181e-01, 0.000000000000000e+00, 0.000000000000000e+00, 5.698750109830489e+04, 1.000000000000000e-10, 1.355612965559948e+09
211, 3.863348096000000e-01, 6.010425500000000e-02, 3.470257747282244e-01, 0.000000000000000e+00, 0.000000000000000e+00, 5.647238134356355e+04, 1.000000000000000e-10, 1.361563390178811e+09
212, 3.833384435000000e-01, 6.010740740000000e-02, 3.432942615477658e-01, 0.000000000000000e+00, 0.000000000000000e+00, 5.571332210604788e+04, 1.000000000000000e-10, 1.373266186071786e+09
213, 3.803420834000000e-01, 6.010159540000000e-02, 3.385936012224220e-01, 0.000000000000000e+00, 0.000000000000000e+00, 5.479141802770112e+04, 1.000000000000000e-10, 1.388996652321801e+09
214, 3.773457918000000e-01, 6.008061910000000e-02, 3.356858311410640e-01, 0.000000000000000e+00, 0.000000000000000e+00, 5.418054870093863e+04, 1.000000000000000e-10, 1.398027356739291e+09
215, 3.743495929000000e-01, 6.004884090000000e-02, 3.352847120481034e-01, 0.000000000000000e+00, 0.000000000000000e+00, 5.400670178590201e+04, 1.000000000000000e-10, 1.397357485169664e+09
216, 3.713534236000000e-01, 6.001432620000000e-02, 3.360332361563513e-01, 0.000000000000000e+00, 0.000000000000000e+00, 5.405857850056963e+04, 1.000000000000000e-10, 1.392776315405865e+09
217, 3.683572136000000e-01, 5.998357210000000e-02, 3.366956508846888e-01, 0.000000000000000e+00, 0.000000000000000e+00, 5.412462522701515e+04, 1.000000000000000e-10, 1.389173013309846e+09
218, 3.653609953000000e-01, 5.995361000000000e-02, 3.365129540419788e-01, 0.000000000000000e+00, 0.000000000000000e+00, 5.407991457063316e+04, 1.000000000000000e-10, 1.389624922800312e+09
219, 3.623647770000000e-01, 5.992364780000000e-02, 3.358275029337583e-01, 0.000000000000000e+00, 0.000000000000000e+00, 5.396264547549042e+04, 1.000000000000000e-10, 1.392308906868322e+09
220, 3.593685587000000e-01, 5.989368560000000e-02, 3.352424155227709e-01, 0.000000000000000e+00, 0.000000000000000e+00, 5.385366732676399e+04, 1.000000000000000e-10, 1.394417192057078e+09
221, 3.563723404000000e-01, 5.986372340000000e-02, 3.343553407371659e-01, 0.000000000000000e+00, 0.000000000000000e+00, 5.368359219287182e+04, 1.000000000000000e-10, 1.397520673923468e+09
222, 3.533761221000000e-01, 5.983376120000000e-02, 3.334489084171369e-01, 0.000000000000000e+00, 0.000000000000000e+00, 5.350549083737576e+04, 1.000000000000000e-10, 1.400567451522668e+09
223, 3.503799039000000e-01, 5.980379900000000e-02, 3.337748508653728e-01, 0.000000000000000e+00, 0.000000000000000e+00, 5.355830494075783e+04, 1.000000000000000e-10, 1.399210883317997e+09
224, 3.473836618000000e-01, 5.977636380000000e-02, 3.344989245999659e-01, 0.000000000000000e+00, 0.000000000000000e+00, 5.372501000879898e+04, 1.000000000000000e-10, 1.397292196253344e+09
225, 3.443874030000000e-01, 5.975078450000000e-02, 3.347122131631826e-01, 0.000000000000000e+00, 0.000000000000000e+00, 5.385893875295906e+04, 1.000000000000000e-10, 1.398587926884057e+09
226, 3.413912043000000e-01, 5.971906720000000e-02, 3.348603196928792e-01, 0.000000000000000e+00, 0.000000000000000e+00, 5.402761122516652e+04, 1.000000000000000e-10, 1.401086234975213e+09
227, 3.383951856000000e-01, 5.967355900000000e-02, 3.374830102090314e-01, 0.000000000000000e+00, 0.000000000000000e+00, 5.462961753336070e+04, 1.000000000000000e-10, 1.393910623305491e+09
228, 3.353993970000000e-01, 5.961469410000000e-02, 3.429843230980399e-01, 0.000000000000000e+00, 0.000000000000000e+00, 5.573590054430465e+04, 1.000000000000000e-10, 1.376043977698103e+09
229, 3.324037216000000e-01, 5.955026900000000e-02, 3.491791698962242e-01, 0.000000000000000e+00, 0.000000000000000e+00, 5.697513384002198e+04, 1.000000000000000e-10, 1.356212589660026e+09
230, 3.294079977000000e-01, 5.948816000000000e-02, 3.537308375884388e-01, 0.000000000000000e+00, 0.000000000000000e+00, 5.796258630472601e+04, 1.000000000000000e-10, 1.343451268905730e+09
231, 3.264122288000000e-01, 5.942824460000000e-02, 3.569631492634324e-01, 0.000000000000000e+00, 0.000000000000000e+00, 5.871353559327882e+04, 1.000000000000000e-10, 1.335431500756686e+09
232, 3.234164598000000e-01, 5.936832920000000e-02, 3.593874535970577e-01, 0.000000000000000e+00, 0.000000000000000e+00, 5.928390503917625e+04, 1.000000000000000e-10, 1.329564464885029e+09
233, 3.204206908000000e-01, 5.930841380000000e-02, 3.621758038173409e-01, 0.000000000000000e+00, 0.000000000000000e+00, 5.995076125122506e+04, 1.000000000000000e-10, 1.323092268925773e+09
234, 3.174249218000000e-01, 5.924849840000000e-02, 3.669471247805977e-01, 0.000000000000000e+00, 0.000000000000000e+00, 6.102865744141558e+04, 1.000000000000000e-10, 1.310985120493207e+09
235, 3.144291528000000e-01, 5.918858310000000e-02, 3.701094012950057e-01, 0.000000000000000e+00, 0.000000000000000e+00, 6.190118653495509e+04, 1.000000000000000e-10, 1.305806599137159e+09
236, 3.114333838000000e-01, 5.912866770000000e-02, 3.751569273353859e-01, 0.000000000000000e+00, 0.000000000000000e+00, 6.312191646920612e+04, 1.000000000000000e-10, 1.294579415570783e+09
237, 3.084375946000000e-01, 5.906978170000000e-02, 3.808671762140988e-01, 0.000000000000000e+00, 0.000000000000000e+00, 6.441689796340563e+04, 1.000000000000000e-10, 1.280605962966929e+09
238, 3.054417368000000e-01, 5.901448810000000e-02, 3.846885353205858e-01, 0.000000000000000e+00, 0.000000000000000e+00, 6.534202746430134e+04, 1.000000000000000e-10, 1.272331947422514e+09
239, 3.024459424000000e-01, 5.895589760000000e-02, 3.859104099169435e-01, 0.000000000000000e+00, 0.000000000000000e+00, 6.576493170181532e+04, 1.000000000000000e-10, 1.271736950630236e+09
240, 2.994503937000000e-01, 5.888596610000000e-02, 3.846128974100682e-01, 0.000000000000000e+00, 0.000000000000000e+00, 6.566315656842274e+04, 1.000000000000000e-10, 1.277925482359882e+09
241, 2.964552315000000e-01, 5.880104250000000e-02, 3.821066687538051e-01, 0.000000000000000e+00, 0.000000000000000e+00, 6.519316726563824e+04, 1.000000000000000e-10, 1.285636641293253e+09
242, 2.934603172000000e-01, 5.870772480000000e-02, 3.784068549897038e-01, 0.000000000000000e+00, 0.000000000000000e+00, 6.433771033088461e+04, 1.000000000000000e-10, 1.294519974001321e+09
243, 2.904654134000000e-01, 5.861406570000000e-02, 3.722480248595629e-01, 0.000000000000000e+00, 0.000000000000000e+00, 6.293755678832898e+04, 1.000000000000000e-10, 1.309901125009005e+09
244, 2.874703256000000e-01, 5.852650000000000e-02, 3.643671631646553e-01, 0.000000000000000e+00, 0.000000000000000e+00, 6.111969489386983e+04, 1.000000000000000e-10, 1.329581791491634e+09
245, 2.844751753000000e-01, 5.844108520000000e-02, 3.540658435891647e-01, 0.000000000000000e+00, 0.000000000000000e+00, 5.883300810729766e+04, 1.000000000000000e-10, 1.357682753513463e+09
246, 2.814802001000000e-01, 5.834977820000000e-02, 3.431041730715861e-01, 0.000000000000000e+00, 0.000000000000000e+00, 5.640055713719537e+04, 1.000000000000000e-10, 1.388674065944581e+09
247, 2.784856726000000e-01, 5.824487900000000e-02, 3.342846494185401e-01, 0.000000000000000e+00, 0.000000000000000e+00, 5.439713794415603e+04, 1.000000000000000e-10, 1.413435032240940e+09
248, 2.754916466000000e-01, 5.812646400000000e-02, 3.288101410131276e-01, 0.000000000000000e+00, 0.000000000000000e+00, 5.302875741161843e+04, 1.000000000000000e-10, 1.426360162880878e+09
249, 2.724978541000000e-01, 5.800225460000000e-02, 3.257159874753539e-01, 0.000000000000000e+00, 0.000000000000000e+00, 5.215331652454752e+04, 1.000000000000000e-10, 1.431338062523185e+09
250, 2.695039750000000e-01, 5.788015900000000e-02, 3.238141897084910e-01, 0.000000000000000e+00, 0.000000000000000e+00, 5.157791813714948e+04, 1.000000000000000e-10, 1.433460683640059e+09
251, 2.665100011000000e-01, 5.776040000000000e-02, 3.221106282869549e-01, 0.000000000000000e+00, 0.000000000000000e+00, 5.108652803776638e+04, 1.000000000000000e-10, 1.435893973165572e+09
252, 2.635160273000000e-01, 5.764064110000000e-02, 3.198736252915633e-01, 0.000000000000000e+00, 0.000000000000000e+00, 5.058232202046480e+04, 1.000000000000000e-10, 1.442373910003897e+09
253, 2.605220534000000e-01, 5.752088210000000e-02, 3.174614203818762e-01, 0.000000000000000e+00, 0.000000000000000e+00, 5.006009604286205e+04, 1.000000000000000e-10, 1.449933424638229e+09
254, 2.575280795000000e-01, 5.740112320000000e-02, 3.143018846171269e-01, 0.000000000000000e+00, 0.000000000000000e+00, 4.940901762132547e+04, 1.000000000000000e-10, 1.460737619266908e+09
255, 2.545341057000000e-01, 5.728136420000000e-02, 3.104598924718240e-01, 0.000000000000000e+00, 0.000000000000000e+00, 4.863021819960848e+04, 1.000000000000000e-10, 1.474403707245958e+09
256, 2.515401318000000e-01, 5.716160530000000e-02, 3.071277458688016e-01, 0.000000000000000e+00, 0.000000000000000e+00, 4.793487059766811e+04, 1.000000000000000e-10, 1.485906101797275e+09
257, 2.485461222000000e-01, 5.704274810000000e-02, 3.044027174537282e-01, 0.000000000000000e+00, 0.000000000000000e+00, 4.736308423077707e+04, 1.000000000000000e-10, 1.495310964040852e+09
258, 2.455519687000000e-01, 5.692757100000000e-02, 3.016096960030634e-01, 0.000000000000000e+00, 0.000000000000000e+00, 4.680406686590774e+04, 1.000000000000000e-10, 1.505816204190538e+09
259, 2.425579324000000e-01, 5.680940080000000e-02, 2.981032595380941e-01, 0.000000000000000e+00, 0.000000000000000e+00, 4.616451315417211e+04, 1.000000000000000e-10, 1.520914643421288e+09
260, 2.395643498000000e-01, 5.668030080000000e-02, 2.948640011439786e-01, 0.000000000000000e+00, 0.000000000000000e+00, 4.559468323733682e+04, 1.000000000000000e-10, 1.535696783138425e+09
261, 2.365712773000000e-01, 5.653982940000000e-02, 2.938717785994087e-01, 0.000000000000000e+00, 0.000000000000000e+00, 4.540577184910364e+04, 1.000000000000000e-10, 1.539815601760584e+09
262, 2.335786376000000e-01, 5.639042170000000e-02, 2.942224424781103e-01, 0.000000000000000e+00, 0.000000000000000e+00, 4.545476946981606e+04, 1.000000000000000e-10, 1.537806449061118e+09
263, 2.305864572000000e-01, 5.623208320000000e-02, 2.947097135357527e-01, 0.000000000000000e+00, 0.000000000000000e+00, 4.554435266133301e+04, 1.000000000000000e-10, 1.535763140413909e+09
264, 2.275948873000000e-01, 5.606262990000000e-02, 2.956128323966841e-01, 0.000000000000000e+00, 0.000000000000000e+00, 4.571082543303483e+04, 1.000000000000000e-10, 1.531827634722914e+09
265, 2.246039719000000e-01, 5.588195720000000e-02, 2.978710836102849e-01, 0.000000000000000e+00, 0.000000000000000e+00, 4.608561792835468e+04, 1.000000000000000e-10, 1.520909621038498e+09
266, 2.216132630000000e-01, 5.569788720000000e-02, 2.998428688345546e-01, 0.000000000000000e+00, 0.000000000000000e+00, 4.641324780860497e+04, 1.000000000000000e-10, 1.511524228128404e+09
267, 2.186223396000000e-01, 5.551734040000000e-02, 3.001826228780003e-01, 0.000000000000000e+00, 0.000000000000000e+00, 4.648328104579123e+04, 1.000000000000000e-10, 1.510306373942991e+09
268, 2.156313504000000e-01, 5.533788100000000e-02, 2.985134028125896e-01, 0.000000000000000e+00, 0.000000000000000e+00, 4.623278328813604e+04, 1.000000000000000e-10, 1.518971524913142e+09
269, 2.126403613000000e-01, 5.515842170000000e-02, 2.977824673831063e-01, 0.000000000000000e+00, 0.000000000000000e+00, 4.611914872316574e+04, 1.000000000000000e-10, 1.522663771881621e+09
270, 2.096493686000000e-01, 5.497902140000000e-02, 2.984794825764776e-01, 0.000000000000000e+00, 0.000000000000000e+00, 4.623338371650984e+04, 1.000000000000000e-10, 1.519269020214033e+09
271, 2.066581632000000e-01, 5.480320770000000e-02, 2.988427282433106e-01, 0.000000000000000e+00, 0.000000000000000e+00, 4.630666328990990e+04, 1.000000000000000e-10, 1.517889910987065e+09
272, 2.036669592000000e-01, 5.462737120000000e-02, 2.978534559152171e-01, 0.000000000000000e+00, 0.000000000000000e+00, 4.617329326816621e+04, 1.000000000000000e-10, 1.523468951643290e+09
273, 2.006762392000000e-01, 5.444351370000000e-02, 2.961972089930331e-01, 0.000000000000000e+00, 0.000000000000000e+00, 4.593666736764058e+04, 1.000000000000000e-10, 1.532567459861218e+09
274, 1.976864651000000e-01, 5.424488690000000e-02, 2.960467006174776e-01, 0.000000000000000e+00, 0.000000000000000e+00, 4.593972872135770e+04, 1.000000000000000e-10, 1.534056987191401e+09
275, 1.946974808000000e-01, 5.403467400000000e-02, 2.973180021354155e-01, 0.000000000000000e+00, 0.000000000000000e+00, 4.619090515344716e+04, 1.000000000000000e-10, 1.529006279684531e+09
276, 1.917087537000000e-01, 5.382082320000000e-02, 2.992561020387356e-01, 0.000000000000000e+00, 0.000000000000000e+00, 4.657081087942226e+04, 1.000000000000000e-10, 1.521284602655944e+09
277, 1.887197351000000e-01, 5.361109610000000e-02, 3.010293486010778e-01, 0.000000000000000e+00, 0.000000000000000e+00, 4.693936984425789e+04, 1.000000000000000e-10, 1.514825470158983e+09
278, 1.857303707000000e-01, 5.340634910000000e-02, 3.017868593773626e-01, 0.000000000000000e+00, 0.000000000000000e+00, 4.716223636885217e+04, 1.000000000000000e-10, 1.513836728987266e+09
279, 1.827411789000000e-01, 5.319910420000000e-02, 3.014730909462286e-01, 0.000000000000000e+00, 0.000000000000000e+00, 4.721739310246318e+04, 1.000000000000000e-10, 1.518175634254531e+09
280, 1.797527313000000e-01, 5.298142430000000e-02, 3.011778017194630e-01, 0.000000000000000e+00, 0.000000000000000e+00, 4.727617647095933e+04, 1.000000000000000e-10, 1.522496787477613e+09
281, 1.767651486000000e-01, 5.275215400000000e-02, 3.035140574680695e-01, 0.000000000000000e+00, 0.000000000000000e+00, 4.774433374948312e+04, 1.000000000000000e-10, 1.513475397722421e+09
282, 1.737782598000000e-01, 5.251401450000000e-02, 3.075809177734058e-01, 0.000000000000000e+00, 0.000000000000000e+00, 4.851173785494161e+04, 1.000000000000000e-10, 1.496752489837769e+09
283, 1.707920907000000e-01, 5.226701400000000e-02, 3.109955579509657e-01, 0.000000000000000e+00, 0.000000000000000e+00, 4.921567835839670e+04, 1.000000000000000e-10, 1.484480038020102e+09
284, 1.678068289000000e-01, 5.200929790000000e-02, 3.130037378396917e-01, 0.000000000000000e+00, 0.000000000000000e+00, 4.970344526246649e+04, 1.000000000000000e-10, 1.479159017462790e+09
285, 1.648225830000000e-01, 5.174005310000000e-02, 3.153889761223229e-01, 0.000000000000000e+00, 0.000000000000000e+00, 5.024015736010815e+04, 1.000000000000000e-10, 1.471825578955466e+09
286, 1.618386948000000e-01, 5.146686210000000e-02, 3.193007069309847e-01, 0.000000000000000e+00, 0.000000000000000e+00, 5.104097375535018e+04, 1.000000000000000e-10, 1.458057676343841e+09
287, 1.588544609000000e-01, 5.119748250000000e-02, 3.236473389556356e-01, 0.000000000000000e+00, 0.000000000000000e+00, 5.192937985915291e+04, 1.000000000000000e-10, 1.442947073269571e+09
288, 1.558697631000000e-01, 5.093328530000000e-02, 3.267916628046560e-01, 0.000000000000000e+00, 0.000000000000000e+00, 5.265085986716486e+04, 1.000000000000000e-10, 1.433987439016973e+09
289, 1.528852535000000e-01, 5.066697530000000e-02, 3.286167745061366e-01, 0.000000000000000e+00, 0.000000000000000e+00, 5.315441625574773e+04, 1.000000000000000e-10, 1.430700685845432e+09
290, 1.499016570000000e-01, 5.039064780000000e-02, 3.298958100020887e-01, 0.000000000000000e+00, 0.000000000000000e+00, 5.356994124422770e+04, 1.000000000000000e-10, 1.429747702355376e+09
291, 1.469194872000000e-01, 5.009932340000000e-02, 3.327357843978802e-01, 0.000000000000000e+00, 0.000000000000000e+00, 5.422597308123425e+04, 1.000000000000000e-10, 1.421773771171393e+09
292, 1.439382559000000e-01, 4.979852640000000e-02, 3.371933348096459e-01, 0.000000000000000e+00, 0.000000000000000e+00, 5.516499249565486e+04, 1.000000000000000e-10, 1.407445619035625e+09
293, 1.409571857000000e-01, 4.949613280000000e-02, 3.418895135362047e-01, 0.000000000000000e+00, 0.000000000000000e+00, 5.615592442513772e+04, 1.000000000000000e-10, 1.392632680480388e+09
294, 1.379755682000000e-01, 4.919919110000000e-02, 3.450527005010810e-01, 0.000000000000000e+00, 0.000000000000000e+00, 5.693459808888418e+04, 1.000000000000000e-10, 1.385082904625437e+09
295, 1.349936162000000e-01, 4.890561960000000e-02, 3.468088817288325e-01, 0.000000000000000e+00, 0.000000000000000e+00, 5.749802684251999e+04, 1.000000000000000e-10, 1.383512611824950e+09
296, 1.320121036000000e-01, 4.860762960000000e-02, 3.480078622267135e-01, 0.000000000000000e+00, 0.000000000000000e+00, 5.800464605736952e+04, 1.000000000000000e-10, 1.384807869488656e+09
297, 1.290317925000000e-01, 4.829786950000000e-02, 3.507496605629227e-01, 0.000000000000000e+00, 0.000000000000000e+00, 5.876956032814816e+04, 1.000000000000000e-10, 1.379926018406758e+09
298, 1.260525769000000e-01, 4.797772950000000e-02, 3.546038036996567e-01, 0.000000000000000e+00, 0.000000000000000e+00, 5.975200611310013e+04, 1.000000000000000e-10, 1.371260612937078e+09
299, 1.230743167000000e-01, 4.764882070000000e-02, 3.587545983881297e-01, 0.000000000000000e+00, 0.000000000000000e+00, 6.079492791507598e+04, 1.000000000000000e-10, 1.361718420004642e+09
300, 1.200970366000000e-01, 4.731115450000000e-02, 3.629035152940598e-01, 0.000000000000000e+00, 0.000000000000000e+00, 6.182838640389766e+04, 1.000000000000000e-10, 1.352063652968381e+09
301, 1.171207615000000e-01, 4.696474260000000e-02, 3.668445085522097e-01, 0.000000000000000e+00, 0.000000000000000e+00, 6.281206543974461e+04, 1.000000000000000e-10, 1.342994637279549e+09
302, 1.141455159000000e-01, 4.660959680000000e-02, 3.703570428798888e-01, 0.000000000000000e+00, 0.000000000000000e+00, 6.370163629735306e+04, 1.000000000000000e-10, 1.335178075257479e+09
303, 1.111713243000000e-01, 4.624572950000000e-02, 3.730573420785680e-01, 0.000000000000000e+00, 0.000000000000000e+00, 6.441653295755221e+04, 1.000000000000000e-10, 1.329728282845572e+09
304, 1.081982111000000e-01, 4.587315320000000e-02, 3.745765840938925e-01, 0.000000000000000e+00, 0.000000000000000e+00, 6.487566945934777e+04, 1.000000000000000e-10, 1.327627286440867e+09
305, 1.052262005000000e-01, 4.549188050000000e-02, 3.749822739203648e-01, 0.000000000000000e+00, 0.000000000000000e+00, 6.507772398060242e+04, 1.000000000000000e-10, 1.328380171462072e+09
306, 1.022553168000000e-01, 4.510192450000000e-02, 3.746937300616731e-01, 0.000000000000000e+00, 0.000000000000000e+00, 6.509360693904833e+04, 1.000000000000000e-10, 1.330459884053029e+09
307, 9.928555240000000e-02, 4.470353130000000e-02, 3.733323705549198e-01, 0.000000000000000e+00, 0.000000000000000e+00, 6.485680135068607e+04, 1.000000000000000e-10, 1.335306333126701e+09
308, 9.631645150000000e-02, 4.430022190000000e-02, 3.705968428780145e-01, 0.000000000000000e+00, 0.000000000000000e+00, 6.431919944978774e+04, 1.000000000000000e-10, 1.344102734971012e+09
309, 9.334866629999999e-02, 4.388735710000000e-02, 3.659831286977153e-01, 0.000000000000000e+00, 0.000000000000000e+00, 6.340147781267561e+04, 1.000000000000000e-10, 1.359033364275591e+09
310, 9.038333000000000e-02, 4.345728190000000e-02, 3.596127025244827e-01, 0.000000000000000e+00, 0.000000000000000e+00, 6.210526368231578e+04, 1.000000000000000e-10, 1.379629863835968e+09
311, 8.742106760000000e-02, 4.300650920000000e-02, 3.531101923540538e-01, 0.000000000000000e+00, 0.000000000000000e+00, 6.072072562027301e+04, 1.000000000000000e-10, 1.400103143541815e+09
312, 8.446147179999999e-02, 4.253854550000000e-02, 3.476160156451070e-01, 0.000000000000000e+00, 0.000000000000000e+00, 5.946146458435361e+04, 1.000000000000000e-10, 1.416147027690872e+09
313, 8.150462410000001e-02, 4.205352220000000e-02, 3.427334792624004e-01, 0.000000000000000e+00, 0.000000000000000e+00, 5.829996788195111e+04, 1.000000000000000e-10, 1.429785111739262e+09
314, 7.855061400000000e-02, 4.155150370000000e-02, 3.380135291261760e-01, 0.000000000000000e+00, 0.000000000000000e+00, 5.719653003118814e+04, 1.000000000000000e-10, 1.443540536685975e+09
315, 7.559953120000000e-02, 4.103255620000000e-02, 3.338476987475687e-01, 0.000000000000000e+00, 0.000000000000000e+00, 5.623730746437812e+04, 1.000000000000000e-10, 1.456133101362920e+09
316, 7.265146290000001e-02, 4.049674770000000e-02, 3.307050588702113e-01, 0.000000000000000e+00, 0.000000000000000e+00, 5.551327556749191e+04, 1.000000000000000e-10, 1.465801953624230e+09
317, 6.970648800000000e-02, 3.994418840000000e-02, 3.281738261800715e-01, 0.000000000000000e+00, 0.000000000000000e+00, 5.495387335382993e+04, 1.000000000000000e-10, 1.474146611691328e+09
318, 6.676405530000000e-02, 3.937824060000000e-02, 3.255755468252106e-01, 0.000000000000000e+00, 0.000000000000000e+00, 5.441495690960089e+04, 1.000000000000000e-10, 1.483586431187158e+09
319, 6.382483080000000e-02, 3.879587770000000e-02, 3.220909816362447e-01, 0.000000000000000e+00, 0.000000000000000e+00, 5.376101832324483e+04, 1.000000000000000e-10, 1.497953766702387e+09
320, 6.089039250000000e-02, 3.818988410000000e-02, 3.183150959925252e-01, 0.000000000000000e+00, 0.000000000000000e+00, 5.307762654269507e+04, 1.000000000000000e-10, 1.514477953002471e+09
321, 5.796159620000000e-02, 3.755716460000000e-02, 3.158644609256531e-01, 0.000000000000000e+00, 0.000000000000000e+00, 5.263592464423467e+04, 1.000000000000000e-10, 1.525440124987427e+09
322, 5.503766030000000e-02, 3.690236230000000e-02, 3.146027530445620e-01, 0.000000000000000e+00, 0.000000000000000e+00, 5.238914481703535e+04, 1.000000000000000e-10, 1.530680312379434e+09
323, 5.212020500000000e-02, 3.621928960000000e-02, 3.135563458885945e-01, 0.000000000000000e+00, 0.000000000000000e+00, 5.218688020018112e+04, 1.000000000000000e-10, 1.535116748382296e+09
324, 4.921095930000000e-02, 3.550206810000000e-02, 3.124826937500678e-01, 0.000000000000000e+00, 0.000000000000000e+00, 5.200140566465494e+04, 1.000000000000000e-10, 1.540226027801643e+09
325, 4.630834710000000e-02, 3.475842740000000e-02, 3.113403781314961e-01, 0.000000000000000e+00, 0.000000000000000e+00, 5.180228416595211e+04, 1.000000000000000e-10, 1.545655670048598e+09
326, 4.341443290000000e-02, 3.398167710000000e-02, 3.092633387651901e-01, 0.000000000000000e+00, 0.000000000000000e+00, 5.144934529371811e+04, 1.000000000000000e-10, 1.555815576311983e+09
327, 4.053329480000000e-02, 3.315886600000000e-02, 3.066391685361107e-01, 0.000000000000000e+00, 0.000000000000000e+00, 5.101832400923860e+04, 1.000000000000000e-10, 1.569300853499420e+09
328, 3.766462370000000e-02, 3.229347590000000e-02, 3.045528819503836e-01, 0.000000000000000e+00, 0.000000000000000e+00, 5.069130569118125e+04, 1.000000000000000e-10, 1.580566494277913e+09
329, 3.480664810000000e-02, 3.139349160000000e-02, 3.032933532119384e-01, 0.000000000000000e+00, 0.000000000000000e+00, 5.051035688441812e+04, 1.000000000000000e-10, 1.587872224287655e+09
330, 3.196977470000000e-02, 3.042923390000000e-02, 3.029571436063047e-01, 0.000000000000000e+00, 0.000000000000000e+00, 5.049886176105636e+04, 1.000000000000000e-10, 1.590622522535021e+09
331, 2.916436760000000e-02, 2.937700070000000e-02, 3.042525181894978e-01, 0.000000000000000e+00, 0.000000000000000e+00, 5.077650175281162e+04, 1.000000000000000e-10, 1.585434667497494e+09
332, 2.638083370000000e-02, 2.826801140000000e-02, 3.084958497279058e-01, 0.000000000000000e+00, 0.000000000000000e+00, 5.155091403598132e+04, 1.000000000000000e-10, 1.565280313760462e+09
333, 2.362898530000000e-02, 2.708283520000000e-02, 3.173882458342792e-01, 0.000000000000000e+00, 0.000000000000000e+00, 5.311203315558576e+04, 1.000000000000000e-10, 1.523077771699983e+09
334, 2.092840090000000e-02, 2.578537860000000e-02, 3.306681773115650e-01, 0.000000000000000e+00, 0.000000000000000e+00, 5.542204762672302e+04, 1.000000000000000e-10, 1.463543726424826e+09
335, 1.829564720000000e-02, 2.435529470000000e-02, 3.430660390446588e-01, 0.000000000000000e+00, 0.000000000000000e+00, 5.759513562994872e+04, 1.000000000000000e-10, 1.412743571343355e+09
336, 1.571975790000000e-02, 2.282485310000000e-02, 3.506318621875406e-01, 0.000000000000000e+00, 0.000000000000000e+00, 5.896031957997804e+04, 1.000000000000000e-10, 1.384089917035171e+09
337, 1.319128670000000e-02, 2.121724900000000e-02, 3.550680232770091e-01, 0.000000000000000e+00, 0.000000000000000e+00, 5.980527430148039e+04, 1.000000000000000e-10, 1.368655510270381e+09
338, 1.071855140000000e-02, 1.952532850000000e-02, 3.610408530725809e-01, 0.000000000000000e+00, 0.000000000000000e+00, 6.091891640519917e+04, 1.000000000000000e-10, 1.347956328522897e+09
339, 8.357752600000001e-03, 1.768194770000000e-02, 3.761104683538447e-01, 0.000000000000000e+00, 0.000000000000000e+00, 6.357858013197320e+04, 1.000000000000000e-10, 1.294991964904122e+09
340, 6.234852000000000e-03, 1.557056300000000e-02, 3.985422275085185e-01, 0.000000000000000e+00, 0.000000000000000e+00, 6.749492057331023e+04, 1.000000000000000e-10, 1.222414311685132e+09
341, 4.319046800000000e-03, 1.326691890000000e-02, 4.250389137891655e-01, 0.000000000000000e+00, 0.000000000000000e+00, 7.210084926467871e+04, 1.000000000000000e-10, 1.147755240222670e+09
342, 2.659048500000000e-03, 1.078063400000000e-02, 4.628861498725543e-01, 0.000000000000000e+00, 0.000000000000000e+00, 7.864173181035958e+04, 1.000000000000000e-10, 1.055762821537467e+09
343, 1.585549600000000e-03, 7.986006000000000e-03, 4.972551261721954e-01, 0.000000000000000e+00, 0.000000000000000e+00, 8.458503493475181e+04, 1.000000000000000e-10, 9.837826694974017e+08
344, 7.472436000000000e-04, 5.109934500000000e-03, 5.189568896094483e-01, 0.000000000000000e+00, 0.000000000000000e+00, 8.835772915982937e+04, 1.000000000000000e-10, 9.433511894808820e+08
345, 1.626159000000000e-04, 2.172660000000000e-03, 5.361030884207264e-01, 0.000000000000000e+00, 0.000000000000000e+00, 9.134229934229005e+04, 1.000000000000000e-10, 9.135500064670289e+08
346, 2.551370000000000e-05, -8.154233000000000e-04, 5.476239101188157e-01, 0.000000000000000e+00, 0.000000000000000e+00, 9.334018655486016e+04, 1.000000000000000e-10, 8.936431106449263e+08
347, 4.418631000000000e-04, -3.780176900000000e-03, 5.437913986348522e-01, 0.000000000000000e+00, 0.000000000000000e+00, 9.268579186987967e+04, 1.000000000000000e-10, 9.014991118718184e+08
348, 1.178979700000000e-03, -6.683559600000000e-03, 5.330320303346171e-01, 0.000000000000000e+00, 0.000000000000000e+00, 9.081948422221141e+04, 1.000000000000000e-10, 9.194276307574183e+08
349, 2.119737600000000e-03, -9.527886300000000e-03, 5.165357367406544e-01, 0.000000000000000e+00, 0.000000000000000e+00, 8.794780300944578e+04, 1.000000000000000e-10, 9.482532464185878e+08
350, 3.491510200000000e-03, -1.218239690000000e-02, 4.919985895060885e-01, 0.000000000000000e+00, 0.000000000000000e+00, 8.367649930241422e+04, 1.000000000000000e-10, 9.949036701254840e+08
351, 5.352275100000000e-03, -1.453005090000000e-02, 4.699453167746072e-01, 0.000000000000000e+00, 0.000000000000000e+00, 7.981058902014788e+04, 1.000000000000000e-10, 1.040363609412579e+09
352, 7.355607900000000e-03, -1.675624800000000e-02, 4.516137932194296e-01, 0.000000000000000e+00, 0.000000000000000e+00, 7.657914284725068e+04, 1.000000000000000e-10, 1.081227609564238e+09
353, 9.621932400000000e-03, -1.871350840000000e-02, 4.335646990001171e-01, 0.000000000000000e+00, 0.000000000000000e+00, 7.340127381744383e+04, 1.000000000000000e-10, 1.125362994820958e+09
354, 1.205590760000000e-02, -2.046042230000000e-02, 4.227322573769939e-01, 0.000000000000000e+00, 0.000000000000000e+00, 7.145803224555850e+04, 1.000000000000000e-10, 1.152946485280132e+09
355, 1.455955480000000e-02, -2.210638150000000e-02, 4.163960320640873e-01, 0.000000000000000e+00, 0.000000000000000e+00, 7.028035495195146e+04, 1.000000000000000e-10, 1.169037971447212e+09
356, 1.711312970000000e-02, -2.367378560000000e-02, 4.095884006345836e-01, 0.000000000000000e+00, 0.000000000000000e+00, 6.903290331209934e+04, 1.000000000000000e-10, 1.187080896514632e+09
357, 1.972005420000000e-02, -2.515057360000000e-02, 3.996076852823882e-01, 0.000000000000000e+00, 0.000000000000000e+00, 6.725752286688055e+04, 1.000000000000000e-10, 1.215294071206272e+09
358, 2.239892040000000e-02, -2.649200820000000e-02, 3.874961461565313e-01, 0.000000000000000e+00, 0.000000000000000e+00, 6.512860537628826e+04, 1.000000000000000e-10, 1.251864976194857e+09
359, 2.514218880000000e-02, -2.769671360000000e-02, 3.793346420301797e-01, 0.000000000000000e+00, 0.000000000000000e+00, 6.367500068092729e+04, 1.000000000000000e-10, 1.277727709382167e+09
360, 2.792514050000000e-02, -2.880708720000000e-02, 3.762091258209030e-01, 0.000000000000000e+00, 0.000000000000000e+00, 6.307241363388389e+04, 1.000000000000000e-10, 1.287037747145995e+09
361, 3.072579640000000e-02, -2.987219160000000e-02, 3.753088288987717e-01, 0.000000000000000e+00, 0.000000000000000e+00, 6.285085229618236e+04, 1.000000000000000e-10, 1.288936080340204e+09
362, 3.355101120000000e-02, -3.087007190000000e-02, 3.744942072470446e-01, 0.000000000000000e+00, 0.000000000000000e+00, 6.265046105946259e+04, 1.000000000000000e-10, 1.290675566306522e+09
363, 3.640010390000000e-02, -3.179774150000000e-02, 3.727944712478690e-01, 0.000000000000000e+00, 0.000000000000000e+00, 6.230287253200440e+04, 1.000000000000000e-10, 1.295503903717291e+09
364, 3.926405390000000e-02, -3.267859480000000e-02, 3.706968305595792e-01, 0.000000000000000e+00, 0.000000000000000e+00, 6.189582358173012e+04, 1.000000000000000e-10, 1.301858582225669e+09
365, 4.213857070000000e-02, -3.352425530000000e-02, 3.686678379809150e-01, 0.000000000000000e+00, 0.000000000000000e+00, 6.150901416903631e+04, 1.000000000000000e-10, 1.308216039647496e+09
366, 4.502736230000000e-02, -3.431981760000000e-02, 3.671789404567828e-01, 0.000000000000000e+00, 0.000000000000000e+00, 6.120633169075249e+04, 1.000000000000000e-10, 1.312572700411914e+09
367, 4.792660680000000e-02, -3.507646140000000e-02, 3.661316886453161e-01, 0.000000000000000e+00, 0.000000000000000e+00, 6.097784138123770e+04, 1.000000000000000e-10, 1.315370746094923e+09
368, 5.083275460000000e-02, -3.580616600000000e-02, 3.656897415482915e-01, 0.000000000000000e+00, 0.000000000000000e+00, 6.085687097631089e+04, 1.000000000000000e-10, 1.316161859666639e+09
369, 5.374765330000000e-02, -3.650004220000000e-02, 3.659846040126512e-01, 0.000000000000000e+00, 0.000000000000000e+00, 6.085524056751445e+04, 1.000000000000000e-10, 1.314200844458772e+09
370, 5.666961100000000e-02, -3.716362050000000e-02, 3.659661318015455e-01, 0.000000000000000e+00, 0.000000000000000e+00, 6.080022440100278e+04, 1.000000000000000e-10, 1.313335906048854e+09
371, 5.959522020000000e-02, -3.781094180000000e-02, 3.650491081829258e-01, 0.000000000000000e+00, 0.000000000000000e+00, 6.059565871557409e+04, 1.000000000000000e-10, 1.315689146983325e+09
372, 6.252243709999999e-02, -3.845095230000000e-02, 3.632966802865086e-01, 0.000000000000000e+00, 0.000000000000000e+00, 6.025589528091586e+04, 1.000000000000000e-10, 1.321166204285913e+09
373, 6.545274740000000e-02, -3.907663200000000e-02, 3.612561462480428e-01, 0.000000000000000e+00, 0.000000000000000e+00, 5.987186345435229e+04, 1.000000000000000e-10, 1.327796302798831e+09
374, 6.838760620000001e-02, -3.968059320000000e-02, 3.597124454577830e-01, 0.000000000000000e+00, 0.000000000000000e+00, 5.957689915330796e+04, 1.000000000000000e-10, 1.332766837200466e+09
375, 7.132826930000000e-02, -4.025560110000000e-02, 3.591921116273165e-01, 0.000000000000000e+00, 0.000000000000000e+00, 5.945916417037991e+04, 1.000000000000000e-10, 1.334110182121296e+09
376, 7.427458960000000e-02, -4.080090600000000e-02, 3.589171835245961e-01, 0.000000000000000e+00, 0.000000000000000e+00, 5.938374139818766e+04, 1.000000000000000e-10, 1.334581106048828e+09
377, 7.722505590000001e-02, -4.132334090000000e-02, 3.584073350646969e-01, 0.000000000000000e+00, 0.000000000000000e+00, 5.927274847276517e+04, 1.000000000000000e-10, 1.335984985130068e+09
378, 8.017823220000000e-02, -4.183025210000000e-02, 3.586119192044281e-01, 0.000000000000000e+00, 0.000000000000000e+00, 5.928405015035704e+04, 1.000000000000000e-10, 1.334822231051932e+09
379, 8.313435769999999e-02, -4.231964410000000e-02, 3.598927384886834e-01, 0.000000000000000e+00, 0.000000000000000e+00, 5.947700977796673e+04, 1.000000000000000e-10, 1.329735033630988e+09
380, 8.609333900000000e-02, -4.279148640000000e-02, 3.604571497630840e-01, 0.000000000000000e+00, 0.000000000000000e+00, 5.955306831311085e+04, 1.000000000000000e-10, 1.327336667141570e+09
381, 8.905390220000001e-02, -4.325331250000000e-02, 3.599524825270672e-01, 0.000000000000000e+00, 0.000000000000000e+00, 5.945799331571202e+04, 1.000000000000000e-10, 1.328958892270112e+09
382, 9.201521220000000e-02, -4.371032730000000e-02, 3.594057416866513e-01, 0.000000000000000e+00, 0.000000000000000e+00, 5.936171548579245e+04, 1.000000000000000e-10, 1.330870322917856e+09
383, 9.497777180000000e-02, -4.415916550000000e-02, 3.600446459898595e-01, 0.000000000000000e+00, 0.000000000000000e+00, 5.947059407574591e+04, 1.000000000000000e-10, 1.328574764352257e+09
384, 9.794161960000000e-02, -4.459941640000000e-02, 3.614339654653035e-01, 0.000000000000000e+00, 0.000000000000000e+00, 5.970899828904656e+04, 1.000000000000000e-10, 1.323630858237092e+09
385, 1.009067324000000e-01, -4.503106510000000e-02, 3.617765220376687e-01, 0.000000000000000e+00, 0.000000000000000e+00, 5.977156127693986e+04, 1.000000000000000e-10, 1.322484531748693e+09
386, 1.038730870000000e-01, -4.545409720000000e-02, 3.612283530943852e-01, 0.000000000000000e+00, 0.000000000000000e+00, 5.968685278657898e+04, 1.000000000000000e-10, 1.324579875988829e+09
387, 1.068406597000000e-01, -4.586849830000000e-02, 3.605090441705691e-01, 0.000000000000000e+00, 0.000000000000000e+00, 5.957747330576238e+04, 1.000000000000000e-10, 1.327396708110382e+09
388, 1.098094267000000e-01, -4.627425440000000e-02, 3.601797838227754e-01, 0.000000000000000e+00, 0.000000000000000e+00, 5.953845181354696e+04, 1.000000000000000e-10, 1.328896905326620e+09
389, 1.127793642000000e-01, -4.667135170000000e-02, 3.602952572277988e-01, 0.000000000000000e+00, 0.000000000000000e+00, 5.958079911405420e+04, 1.000000000000000e-10, 1.328898465315009e+09
390, 1.157504483000000e-01, -4.705977670000000e-02, 3.606668690507470e-01, 0.000000000000000e+00, 0.000000000000000e+00, 5.967462621003754e+04, 1.000000000000000e-10, 1.328148252549434e+09
391, 1.187226550000000e-01, -4.743951610000000e-02, 3.611332112213470e-01, 0.000000000000000e+00, 0.000000000000000e+00, 5.979328323256329e+04, 1.000000000000000e-10, 1.327191948781519e+09
392, 1.216959602000000e-01, -4.781055690000000e-02, 3.616547663695280e-01, 0.000000000000000e+00, 0.000000000000000e+00, 5.992925273974230e+04, 1.000000000000000e-10, 1.326180725337483e+09
393, 1.246703396000000e-01, -4.817288640000000e-02, 3.622812513211444e-01, 0.000000000000000e+00, 0.000000000000000e+00, 6.008949747428840e+04, 1.000000000000000e-10, 1.324919308706475e+09
394, 1.276457687000000e-01, -4.852649220000000e-02, 3.630325454007420e-01, 0.000000000000000e+00, 0.000000000000000e+00, 6.027631127643878e+04, 1.000000000000000e-10, 1.323301547822611e+09
395, 1.306222230000000e-01, -4.887136210000000e-02, 3.638379118621177e-01, 0.000000000000000e+00, 0.000000000000000e+00, 6.047687006405976e+04, 1.000000000000000e-10, 1.321570095879769e+09
396, 1.335996778000000e-01, -4.920748410000000e-02, 3.647637327231943e-01, 0.000000000000000e+00, 0.000000000000000e+00, 6.070053369987383e+04, 1.000000000000000e-10, 1.319438996863419e+09
397, 1.365781084000000e-01, -4.953484670000000e-02, 3.661191531737779e-01, 0.000000000000000e+00, 0.000000000000000e+00, 6.099709165147132e+04, 1.000000000000000e-10, 1.315814024371128e+09
398, 1.395574899000000e-01, -4.985343850000000e-02, 3.678406642581082e-01, 0.000000000000000e+00, 0.000000000000000e+00, 6.135672775795664e+04, 1.000000000000000e-10, 1.310935308642639e+09
399, 1.425377974000000e-01, -5.016324850000000e-02, 3.689085384059198e-01, 0.000000000000000e+00, 0.000000000000000e+00, 6.161739029895518e+04, 1.000000000000000e-10, 1.308620026471724e+09
400, 1.455190058000000e-01, -5.046426590000000e-02, 3.691623678045278e-01, 0.000000000000000e+00, 0.000000000000000e+00, 6.175219144636525e+04, 1.000000000000000e-10, 1.309330126158148e+09
401, 1.485010900000000e-01, -5.075648020000000e-02, 3.700155639158524e-01, 0.000000000000000e+00, 0.000000000000000e+00, 6.197276592519317e+04, 1.000000000000000e-10, 1.307664543402687e+09
402, 1.514841115000000e-01, -5.103895140000000e-02, 3.724315097893969e-01, 0.000000000000000e+00, 0.000000000000000e+00, 6.245071909228282e+04, 1.000000000000000e-10, 1.300435295181785e+09
403, 1.544682859000000e-01, -5.130898220000000e-02, 3.760246748125352e-01, 0.000000000000000e+00, 0.000000000000000e+00, 6.312641702716477e+04, 1.000000000000000e-10, 1.289249524234506e+09
404, 1.574529831000000e-01, -5.157318600000000e-02, 3.782806796464776e-01, 0.000000000000000e+00, 0.000000000000000e+00, 6.356787543193638e+04, 1.000000000000000e-10, 1.282599161374873e+09
405, 1.604374954000000e-01, -5.183946610000000e-02, 3.785298554069303e-01, 0.000000000000000e+00, 0.000000000000000e+00, 6.367265688146856e+04, 1.000000000000000e-10, 1.282740076585039e+09
406, 1.634214633000000e-01, -5.211178220000000e-02, 3.778801205233759e-01, 0.000000000000000e+00, 0.000000000000000e+00, 6.361453075496128e+04, 1.000000000000000e-10, 1.285793845495369e+09
407, 1.664054524000000e-01, -5.238386490000000e-02, 3.775318697495076e-01, 0.000000000000000e+00, 0.000000000000000e+00, 6.360051613702795e+04, 1.000000000000000e-10, 1.287713642621367e+09
408, 1.693901711000000e-01, -5.264780400000000e-02, 3.787138154726869e-01, 0.000000000000000e+00, 0.000000000000000e+00, 6.383016124902986e+04, 1.000000000000000e-10, 1.284225386379946e+09
409, 1.723759785000000e-01, -5.289913550000000e-02, 3.795578609598551e-01, 0.000000000000000e+00, 0.000000000000000e+00, 6.399631867926777e+04, 1.000000000000000e-10, 1.281770734359463e+09
410, 1.753625325000000e-01, -5.314143690000000e-02, 3.786208976041703e-01, 0.000000000000000e+00, 0.000000000000000e+00, 6.385174722607905e+04, 1.000000000000000e-10, 1.285163895814269e+09
411, 1.783497926000000e-01, -5.337487290000000e-02, 3.772939092981235e-01, 0.000000000000000e+00, 0.000000000000000e+00, 6.361581976487053e+04, 1.000000000000000e-10, 1.289483504712946e+09
412, 1.813377897000000e-01, -5.359866430000000e-02, 3.772148741777246e-01, 0.000000000000000e+00, 0.000000000000000e+00, 6.356160232060040e+04, 1.000000000000000e-10, 1.289073902354441e+09
413, 1.843267059000000e-01, -5.380983240000000e-02, 3.787852243779482e-01, 0.000000000000000e+00, 0.000000000000000e+00, 6.376375352586519e+04, 1.000000000000000e-10, 1.282683994135346e+09
414, 1.873160581000000e-01, -5.401475910000000e-02, 3.792894447856814e-01, 0.000000000000000e+00, 0.000000000000000e+00, 6.377945932059852e+04, 1.000000000000000e-10, 1.279840500662563e+09
415, 1.903052907000000e-01, -5.422141550000000e-02, 3.779252064946240e-01, 0.000000000000000e+00, 0.000000000000000e+00, 6.347280906678626e+04, 1.000000000000000e-10, 1.283150644342993e+09
416, 1.932940919000000e-01, -5.443422470000000e-02, 3.752178734963680e-01, 0.000000000000000e+00, 0.000000000000000e+00, 6.293322274301057e+04, 1.000000000000000e-10, 1.290995438957360e+09
417, 1.962828856000000e-01, -5.464713860000000e-02, 3.725985016025389e-01, 0.000000000000000e+00, 0.000000000000000e+00, 6.238925548559468e+04, 1.000000000000000e-10, 1.298314171705222e+09
418, 1.992722277000000e-01, -5.485218440000000e-02, 3.714731663488448e-01, 0.000000000000000e+00, 0.000000000000000e+00, 6.208182591956422e+04, 1.000000000000000e-10, 1.300200494994590e+09
419, 2.022625407000000e-01, -5.504252520000000e-02, 3.712527616926123e-01, 0.000000000000000e+00, 0.000000000000000e+00, 6.190868220640939e+04, 1.000000000000000e-10, 1.298615070708703e+09
420, 2.052535799000000e-01, -5.522113260000000e-02, 3.699343838960452e-01, 0.000000000000000e+00, 0.000000000000000e+00, 6.155527356834287e+04, 1.000000000000000e-10, 1.300914610533508e+09
421, 2.082448433000000e-01, -5.539596050000000e-02, 3.675926935842752e-01, 0.000000000000000e+00, 0.000000000000000e+00, 6.103234617900279e+04, 1.000000000000000e-10, 1.306814728120818e+09
422, 2.112359078000000e-01, -5.557415450000000e-02, 3.651029538153291e-01, 0.000000000000000e+00, 0.000000000000000e+00, 6.050318471273145e+04, 1.000000000000000e-10, 1.313692533795296e+09
423, 2.142268969000000e-01, -5.575361380000000e-02, 3.641779010791045e-01, 0.000000000000000e+00, 0.000000000000000e+00, 6.023689792371653e+04, 1.000000000000000e-10, 1.315015968531363e+09
424, 2.172178860000000e-01, -5.593307320000000e-02, 3.639723382925130e-01, 0.000000000000000e+00, 0.000000000000000e+00, 6.007520003469182e+04, 1.000000000000000e-10, 1.313475088596694e+09
425, 2.202088738000000e-01, -5.611255380000000e-02, 3.618664152558505e-01, 0.000000000000000e+00, 0.000000000000000e+00, 5.960360009980177e+04, 1.000000000000000e-10, 1.318856877106287e+09
426, 2.231996539000000e-01, -5.629546030000000e-02, 3.582427139427483e-01, 0.000000000000000e+00, 0.000000000000000e+00, 5.889942290501823e+04, 1.000000000000000e-10, 1.330200606119319e+09
427, 2.261904122000000e-01, -5.647872410000000e-02, 3.548196928053192e-01, 0.000000000000000e+00, 0.000000000000000e+00, 5.823435037520593e+04, 1.000000000000000e-10, 1.341089393866436e+09
428, 2.291816271000000e-01, -5.665434720000000e-02, 3.530938555820290e-01, 0.000000000000000e+00, 0.000000000000000e+00, 5.785716065419836e+04, 1.000000000000000e-10, 1.345810646725368e+09
429, 2.321736636000000e-01, -5.681534020000000e-02, 3.527082100838428e-01, 0.000000000000000e+00, 0.000000000000000e+00, 5.770003789752446e+04, 1.000000000000000e-10, 1.345513732486080e+09
430, 2.351663232000000e-01, -5.696435160000000e-02, 3.523187163499590e-01, 0.000000000000000e+00, 0.000000000000000e+00, 5.755501001471242e+04, 1.000000000000000e-10, 1.345430566859777e+09
431, 2.381591812000000e-01, -5.710934150000000e-02, 3.513710404608829e-01, 0.000000000000000e+00, 0.000000000000000e+00, 5.732632648167280e+04, 1.000000000000000e-10, 1.347587696154612e+09
432, 2.411518497000000e-01, -5.725817950000000e-02, 3.495061488381728e-01, 0.000000000000000e+00, 0.000000000000000e+00, 5.695303499264306e+04, 1.000000000000000e-10, 1.353421570175434e+09
433, 2.441442544000000e-01, -5.741224130000000e-02, 3.471914748018664e-01, 0.000000000000000e+00, 0.000000000000000e+00, 5.652503236860254e+04, 1.000000000000000e-10, 1.361432148357172e+09
434, 2.471367698000000e-01, -5.756413020000000e-02, 3.455972671244351e-01, 0.000000000000000e+00, 0.000000000000000e+00, 5.623751839899858e+04, 1.000000000000000e-10, 1.367139852204104e+09
435, 2.501297829000000e-01, -5.770582350000000e-02, 3.458231712712762e-01, 0.000000000000000e+00, 0.000000000000000e+00, 5.627060853465135e+04, 1.000000000000000e-10, 1.366173053970825e+09
436, 2.531234770000000e-01, -5.783232400000000e-02, 3.473348013129670e-01, 0.000000000000000e+00, 0.000000000000000e+00, 5.652668966584589e+04, 1.000000000000000e-10, 1.360451157070603e+09
437, 2.561175599000000e-01, -5.794931300000000e-02, 3.482447465326912e-01, 0.000000000000000e+00, 0.000000000000000e+00, 5.668897550021702e+04, 1.000000000000000e-10, 1.357177610133546e+09
438, 2.591117003000000e-01, -5.806482750000000e-02, 3.481720892787405e-01, 0.000000000000000e+00, 0.000000000000000e+00, 5.669945214115595e+04, 1.000000000000000e-10, 1.357885996621905e+09
439, 2.621056177000000e-01, -5.818597470000000e-02, 3.477696028315234e-01, 0.000000000000000e+00, 0.000000000000000e+00, 5.666835745494864e+04, 1.000000000000000e-10, 1.360141553783414e+09
440, 2.650994034000000e-01, -5.831034790000000e-02, 3.476827833340013e-01, 0.000000000000000e+00, 0.000000000000000e+00, 5.671405611248962e+04, 1.000000000000000e-10, 1.361696252383969e+09
441, 2.680933813000000e-01, -5.842997970000000e-02, 3.485070835718425e-01, 0.000000000000000e+00, 0.000000000000000e+00, 5.693183034083350e+04, 1.000000000000000e-10, 1.360121316287793e+09
442, 2.710878355000000e-01, -5.853695520000000e-02, 3.506129352663950e-01, 0.000000000000000e+00, 0.000000000000000e+00, 5.737397862655664e+04, 1.000000000000000e-10, 1.353847863661572e+09
443, 2.740827683000000e-01, -5.862963070000000e-02, 3.535719997768912e-01, 0.000000000000000e+00, 0.000000000000000e+00, 5.796512707841973e+04, 1.000000000000000e-10, 1.344570348951641e+09
444, 2.770779096000000e-01, -5.871535910000000e-02, 3.557806923520042e-01, 0.000000000000000e+00, 0.000000000000000e+00, 5.842565902687523e+04, 1.000000000000000e-10, 1.338084808883177e+09
445, 2.800730188000000e-01, -5.880219320000000e-02, 3.566568224871679e-01, 0.000000000000000e+00, 0.000000000000000e+00, 5.866764387854924e+04, 1.000000000000000e-10, 1.336601674039644e+09
446, 2.830679396000000e-01, -5.889530050000000e-02, 3.570372196426394e-01, 0.000000000000000e+00, 0.000000000000000e+00, 5.882140817296658e+04, 1.000000000000000e-10, 1.336896409895507e+09
447, 2.860628383000000e-01, -5.898912130000000e-02, 3.577548363048468e-01, 0.000000000000000e+00, 0.000000000000000e+00, 5.903515955841636e+04, 1.000000000000000e-10, 1.336035771119365e+09
448, 2.890579563000000e-01, -5.907560330000000e-02, 3.599381760203754e-01, 0.000000000000000e+00, 0.000000000000000e+00, 5.948315525534624e+04, 1.000000000000000e-10, 1.329555346981831e+09
449, 2.920534568000000e-01, -5.914755270000000e-02, 3.627427289931363e-01, 0.000000000000000e+00, 0.000000000000000e+00, 6.002402929035430e+04, 1.000000000000000e-10, 1.320648560073927e+09
450, 2.950492307000000e-01, -5.920717250000000e-02, 3.641011869558224e-01, 0.000000000000000e+00, 0.000000000000000e+00, 6.030687024839452e+04, 1.000000000000000e-10, 1.316769398987845e+09
451, 2.980450890000000e-01, -5.926243910000000e-02, 3.641398263350851e-01, 0.000000000000000e+00, 0.000000000000000e+00, 6.035791843340202e+04, 1.000000000000000e-10, 1.317432242587341e+09
452, 3.010408880000000e-01, -5.932081780000000e-02, 3.642773958806477e-01, 0.000000000000000e+00, 0.000000000000000e+00, 6.039938841234994e+04, 1.000000000000000e-10, 1.317282575370188e+09
453, 3.040366569000000e-01, -5.938073310000000e-02, 3.656306152875409e-01, 0.000000000000000e+00, 0.000000000000000e+00, 6.062330193996533e+04, 1.000000000000000e-10, 1.312399068074389e+09
454, 3.070324259000000e-01, -5.944064850000000e-02, 3.670946781725692e-01, 0.000000000000000e+00, 0.000000000000000e+00, 6.085935635387484e+04, 1.000000000000000e-10, 1.307058051885709e+09
455, 3.100281949000000e-01, -5.950056430000000e-02, 3.663960098643272e-01, 0.000000000000000e+00, 0.000000000000000e+00, 6.073031326334114e+04, 1.000000000000000e-10, 1.309315882551812e+09
456, 3.130238981000000e-01, -5.956366740000000e-02, 3.642769559062662e-01, 0.000000000000000e+00, 0.000000000000000e+00, 6.035148346525263e+04, 1.000000000000000e-10, 1.316436719664397e+09
457, 3.160195838000000e-01, -5.962760330000000e-02, 3.620283108645765e-01, 0.000000000000000e+00, 0.000000000000000e+00, 5.993791393504250e+04, 1.000000000000000e-10, 1.323834305113163e+09
458, 3.190154135000000e-01, -5.968430950000000e-02, 3.614023100533287e-01, 0.000000000000000e+00, 0.000000000000000e+00, 5.977855924217022e+04, 1.000000000000000e-10, 1.325138180405785e+09
459, 3.220114804000000e-01, -5.972653310000000e-02, 3.619516092728993e-01, 0.000000000000000e+00, 0.000000000000000e+00, 5.980257459691751e+04, 1.000000000000000e-10, 1.321936036497831e+09
460, 3.250076994000000e-01, -5.975631740000000e-02, 3.614465806649583e-01, 0.000000000000000e+00, 0.000000000000000e+00, 5.965138206635093e+04, 1.000000000000000e-10, 1.322545139759225e+09
461, 3.280039605000000e-01, -5.978163410000000e-02, 3.597116985165707e-01, 0.000000000000000e+00, 0.000000000000000e+00, 5.930158361114102e+04, 1.000000000000000e-10, 1.327705020135780e+09
462, 3.310001939000000e-01, -5.981000190000000e-02, 3.578526031165088e-01, 0.000000000000000e+00, 0.000000000000000e+00, 5.893845863694585e+04, 1.000000000000000e-10, 1.333545901667608e+09
463, 3.339964122000000e-01, -5.983996410000000e-02, 3.575511160701984e-01, 0.000000000000000e+00, 0.000000000000000e+00, 5.884136173220406e+04, 1.000000000000000e-10, 1.333764157131328e+09
464, 3.369926304000000e-01, -5.986992630000000e-02, 3.584917470000114e-01, 0.000000000000000e+00, 0.000000000000000e+00, 5.895552506774468e+04, 1.000000000000000e-10, 1.329540476054605e+09
465, 3.399888487000000e-01, -5.989988850000000e-02, 3.575844878791595e-01, 0.000000000000000e+00, 0.000000000000000e+00, 5.876570900228987e+04, 1.000000000000000e-10, 1.332154083669338e+09
466, 3.429850337000000e-01, -5.993297570000000e-02, 3.554738917272008e-01, 0.000000000000000e+00, 0.000000000000000e+00, 5.838245199438011e+04, 1.000000000000000e-10, 1.339408517827595e+09
467, 3.459812085000000e-01, -5.996700070000000e-02, 3.533286978666676e-01, 0.000000000000000e+00, 0.000000000000000e+00, 5.800579714950080e+04, 1.000000000000000e-10, 1.347074163164746e+09
468, 3.489774541000000e-01, -5.999389510000000e-02, 3.526734821387457e-01, 0.000000000000000e+00, 0.000000000000000e+00, 5.788555935459217e+04, 1.000000000000000e-10, 1.349307804173777e+09
469, 3.519737926000000e-01, -6.000635760000000e-02, 3.533422043033367e-01, 0.000000000000000e+00, 0.000000000000000e+00, 5.799454058866921e+04, 1.000000000000000e-10, 1.346716329976064e+09
470, 3.549701596000000e-01, -6.000628710000000e-02, 3.542440318267751e-01, 0.000000000000000e+00, 0.000000000000000e+00, 5.814696244152459e+04, 1.000000000000000e-10, 1.343371882651721e+09
471, 3.579665241000000e-01, -6.000164710000000e-02, 3.547319989690532e-01, 0.000000000000000e+00, 0.000000000000000e+00, 5.824372402894064e+04, 1.000000000000000e-10, 1.341842598820388e+09
472, 3.609628912000000e-01, -6.000041890000000e-02, 3.543560160295222e-01, 0.000000000000000e+00, 0.000000000000000e+00, 5.821606172018682e+04, 1.000000000000000e-10, 1.343915574834245e+09
473, 3.639592561000000e-01, -6.000473460000000e-02, 3.538812314068250e-01, 0.000000000000000e+00, 0.000000000000000e+00, 5.818141915911573e+04, 1.000000000000000e-10, 1.346546836649864e+09
474, 3.669556225000000e-01, -6.000736450000000e-02, 3.541067370572967e-01, 0.000000000000000e+00, 0.000000000000000e+00, 5.828107111099240e+04, 1.000000000000000e-10, 1.346880975168456e+09
475, 3.699519795000000e-01, -6.000023780000000e-02, 3.559446515439501e-01, 0.000000000000000e+00, 0.000000000000000e+00, 5.865417716228622e+04, 1.000000000000000e-10, 1.341258331637505e+09
476, 3.729482611000000e-01, -5.997784780000000e-02, 3.586666832979971e-01, 0.000000000000000e+00, 0.000000000000000e+00, 5.917723729463643e+04, 1.000000000000000e-10, 1.332458688876861e+09
477, 3.759444535000000e-01, -5.994544400000000e-02, 3.605022149931256e-01, 0.000000000000000e+00, 0.000000000000000e+00, 5.954476550900012e+04, 1.000000000000000e-10, 1.326861756256814e+09
478, 3.789406246000000e-01, -5.991109540000000e-02, 3.611730962316170e-01, 0.000000000000000e+00, 0.000000000000000e+00, 5.971975081931325e+04, 1.000000000000000e-10, 1.325535791870369e+09
479, 3.819368521000000e-01, -5.988214390000000e-02, 3.614494502572049e-01, 0.000000000000000e+00, 0.000000000000000e+00, 5.981950785004067e+04, 1.000000000000000e-10, 1.325547733459839e+09
480, 3.849331132000000e-01, -5.985683420000000e-02, 3.616226003296264e-01, 0.000000000000000e+00, 0.000000000000000e+00, 5.990637845671861e+04, 1.000000000000000e-10, 1.326024529864882e+09
481, 3.879293339000000e-01, -5.982721620000000e-02, 3.622776042943127e-01, 0.000000000000000e+00, 0.000000000000000e+00, 6.006485408000992e+04, 1.000000000000000e-10, 1.324534445937511e+09
482, 3.909254052000000e-01, -5.978530220000000e-02, 3.638165280971166e-01, 0.000000000000000e+00, 0.000000000000000e+00, 6.034697663054246e+04, 1.000000000000000e-10, 1.319384191422100e+09
483, 3.939212391000000e-01, -5.972882000000000e-02, 3.657303363417443e-01, 0.000000000000000e+00, 0.000000000000000e+00, 6.068250887852904e+04, 1.000000000000000e-10, 1.312827751798094e+09
484, 3.969169262000000e-01, -5.966494890000000e-02, 3.663648895074370e-01, 0.000000000000000e+00, 0.000000000000000e+00, 6.079710965545441e+04, 1.000000000000000e-10, 1.310719208960973e+09
485, 3.999126274000000e-01, -5.960175120000000e-02, 3.656582133082643e-01, 0.000000000000000e+00, 0.000000000000000e+00, 6.068778956342347e+04, 1.000000000000000e-10, 1.313325475498626e+09
486, 4.029083963000000e-01, -5.954183210000000e-02, 3.650899658251371e-01, 0.000000000000000e+00, 0.000000000000000e+00, 6.058820671404205e+04, 1.000000000000000e-10, 1.315303808768374e+09
487, 4.059041653000000e-01, -5.948191670000000e-02, 3.659644373154893e-01, 0.000000000000000e+00, 0.000000000000000e+00, 6.072750462297411e+04, 1.000000000000000e-10, 1.312069912141303e+09
488, 4.088999342000000e-01, -5.942200130000000e-02, 3.673631456891548e-01, 0.000000000000000e+00, 0.000000000000000e+00, 6.096935558119648e+04, 1.000000000000000e-10, 1.307246412493524e+09
489, 4.118957316000000e-01, -5.936354160000000e-02, 3.668446991520847e-01, 0.000000000000000e+00, 0.000000000000000e+00, 6.089928595574776e+04, 1.000000000000000e-10, 1.309364092005013e+09
490, 4.148915900000000e-01, -5.930827980000000e-02, 3.652042975681731e-01, 0.000000000000000e+00, 0.000000000000000e+00, 6.063866800768898e+04, 1.000000000000000e-10, 1.315454356829270e+09
491, 4.178873672000000e-01, -5.924882410000000e-02, 3.636531358742192e-01, 0.000000000000000e+00, 0.000000000000000e+00, 6.040133599836811e+04, 1.000000000000000e-10, 1.321432289730439e+09
492, 4.208828751000000e-01, -5.917718310000000e-02, 3.640949419045076e-01, 0.000000000000000e+00, 0.000000000000000e+00, 6.049896995511936e+04, 1.000000000000000e-10, 1.320296027150667e+09
493, 4.238779996000000e-01, -5.909092720000000e-02, 3.661644617851076e-01, 0.000000000000000e+00, 0.000000000000000e+00, 6.087604369220922e+04, 1.000000000000000e-10, 1.313411803520437e+09
494, 4.268729004000000e-01, -5.899717340000000e-02, 3.673959161287523e-01, 0.000000000000000e+00, 0.000000000000000e+00, 6.111713549156839e+04, 1.000000000000000e-10, 1.309650301800019e+09
495, 4.298678186000000e-01, -5.890397410000000e-02, 3.672055176238319e-01, 0.000000000000000e+00, 0.000000000000000e+00, 6.113209333453205e+04, 1.000000000000000e-10, 1.311152064010421e+09
496, 4.328629246000000e-01, -5.881703720000000e-02, 3.665745953776019e-01, 0.000000000000000e+00, 0.000000000000000e+00, 6.107192892823167e+04, 1.000000000000000e-10, 1.314202838186068e+09
497, 4.358580675000000e-01, -5.873136490000000e-02, 3.663977511064087e-01, 0.000000000000000e+00, 0.000000000000000e+00, 6.109664809061351e+04, 1.000000000000000e-10, 1.315787602142674e+09
498, 4.388530070000000e-01, -5.863890460000000e-02, 3.675264254452648e-01, 0.000000000000000e+00, 0.000000000000000e+00, 6.133824959780018e+04, 1.000000000000000e-10, 1.312667945508880e+09
499, 4.418474723000000e-01, -5.853224060000000e-02, 3.691759919537104e-01, 0.000000000000000e+00, 0.000000000000000e+00, 6.166818170589492e+04, 1.000000000000000e-10, 1.307738962443885e+09
500, 4.448414571000000e-01, -5.841278340000000e-02, 3.706442270554099e-01, 0.000000000000000e+00, 0.000000000000000e+00, 6.195386058003684e+04, 1.000000000000000e-10, 1.303277797355417e+09
501, 4.478352435000000e-01, -5.828842610000000e-02, 3.715012667663156e-01, 0.000000000000000e+00, 0.000000000000000e+00, 6.213784611783917e+04, 1.000000000000000e-10, 1.300971759452297e+09
502, 4.508291556000000e-01, -5.816714900000000e-02, 3.713698258172908e-01, 0.000000000000000e+00, 0.000000000000000e+00, 6.216687020709419e+04, 1.000000000000000e-10, 1.302307681381353e+09
503, 4.538232940000000e-01, -5.805158270000000e-02, 3.710428843123091e-01, 0.000000000000000e+00, 0.000000000000000e+00, 6.215553076359440e+04, 1.000000000000000e-10, 1.304223108070124e+09
504, 4.568173812000000e-01, -5.793470060000000e-02, 3.711154111719360e-01, 0.000000000000000e+00, 0.000000000000000e+00, 6.221322446200881e+04, 1.000000000000000e-10, 1.304752482204957e+09
505, 4.598110864000000e-01, -5.780846580000000e-02, 3.724485112127210e-01, 0.000000000000000e+00, 0.000000000000000e+00, 6.247455723590164e+04, 1.000000000000000e-10, 1.300718208325213e+09
506, 4.628041128000000e-01, -5.766705430000000e-02, 3.744357298341314e-01, 0.000000000000000e+00, 0.000000000000000e+00, 6.284702018640171e+04, 1.000000000000000e-10, 1.294476459152779e+09
507, 4.657966345000000e-01, -5.751528910000000e-02, 3.753860219541121e-01, 0.000000000000000e+00, 0.000000000000000e+00, 6.304536632357260e+04, 1.000000000000000e-10, 1.291849338484026e+09
508, 4.687890375000000e-01, -5.736119260000000e-02, 3.750929330299558e-01, 0.000000000000000e+00, 0.000000000000000e+00, 6.304305060852497e+04, 1.000000000000000e-10, 1.293648543155190e+09
509, 4.717816992000000e-01, -5.721221950000000e-02, 3.745451021642022e-01, 0.000000000000000e+00, 0.000000000000000e+00, 6.299133482224690e+04, 1.000000000000000e-10, 1.296222019464790e+09
510, 4.747745571000000e-01, -5.706722820000000e-02, 3.744683947661713e-01, 0.000000000000000e+00, 0.000000000000000e+00, 6.302232501845971e+04, 1.000000000000000e-10, 1.297216656701693e+09
511, 4.777672246000000e-01, -5.691837390000000e-02, 3.754073057852164e-01, 0.000000000000000e+00, 0.000000000000000e+00, 6.322075648066395e+04, 1.000000000000000e-10, 1.294678754670549e+09
512, 4.807592922000000e-01, -5.675795070000000e-02, 3.761481593567786e-01, 0.000000000000000e+00, 0.000000000000000e+00, 6.338790511987280e+04, 1.000000000000000e-10, 1.292837569325594e+09
513, 4.837507599000000e-01, -5.658667410000000e-02, 3.759694200175198e-01, 0.000000000000000e+00, 0.000000000000000e+00, 6.339090247858351e+04, 1.000000000000000e-10, 1.293986026468320e+09
514, 4.867417038000000e-01, -5.640648100000000e-02, 3.756785680518366e-01, 0.000000000000000e+00, 0.000000000000000e+00, 6.336911308122523e+04, 1.000000000000000e-10, 1.295474326958769e+09
515, 4.897320976000000e-01, -5.621737780000000e-02, 3.758522418212177e-01, 0.000000000000000e+00, 0.000000000000000e+00, 6.342619375732628e+04, 1.000000000000000e-10, 1.295340787781889e+09
516, 4.927219151000000e-01, -5.601937110000000e-02, 3.758987212488895e-01, 0.000000000000000e+00, 0.000000000000000e+00, 6.346905144105678e+04, 1.000000000000000e-10, 1.295724970877700e+09
517, 4.957111300000000e-01, -5.581246800000000e-02, 3.754634016939671e-01, 0.000000000000000e+00, 0.000000000000000e+00, 6.343413646148384e+04, 1.000000000000000e-10, 1.297857925730107e+09
518, 4.986997164000000e-01, -5.559667590000000e-02, 3.754946075885947e-01, 0.000000000000000e+00, 0.000000000000000e+00, 6.346326705049237e+04, 1.000000000000000e-10, 1.298179667618227e+09
519, 5.016875582000000e-01, -5.537082560000000e-02, 3.769090653644103e-01, 0.000000000000000e+00, 0.000000000000000e+00, 6.372015994632376e+04, 1.000000000000000e-10, 1.293604422865871e+09
520, 5.046744459000000e-01, -5.513267300000000e-02, 3.795525318352516e-01, 0.000000000000000e+00, 0.000000000000000e+00, 6.418825492736873e+04, 1.000000000000000e-10, 1.284967892365835e+09
521, 5.076609077000001e-01, -5.488922320000000e-02, 3.811218038112361e-01, 0.000000000000000e+00, 0.000000000000000e+00, 6.447229736309943e+04, 1.000000000000000e-10, 1.279980343466770e+09
522, 5.106475810000000e-01, -5.464838960000000e-02, 3.809569684643042e-01, 0.000000000000000e+00, 0.000000000000000e+00, 6.446236613484355e+04, 1.000000000000000e-10, 1.280808154734776e+09
523, 5.136347221999999e-01, -5.441342690000000e-02, 3.799744585571897e-01, 0.000000000000000e+00, 0.000000000000000e+00, 6.430285412524216e+04, 1.000000000000000e-10, 1.284245729569820e+09
524, 5.166218002000000e-01, -5.417766240000000e-02, 3.792929773740035e-01, 0.000000000000000e+00, 0.000000000000000e+00, 6.418659304921694e+04, 1.000000000000000e-10, 1.286537815515522e+09
525, 5.196081732000000e-01, -5.393315480000000e-02, 3.799479445091071e-01, 0.000000000000000e+00, 0.000000000000000e+00, 6.428521752567384e+04, 1.000000000000000e-10, 1.284128664797047e+09
526, 5.225935011000000e-01, -5.367618930000000e-02, 3.809818644823409e-01, 0.000000000000000e+00, 0.000000000000000e+00, 6.444014341030512e+04, 1.000000000000000e-10, 1.280304540074199e+09
527, 5.255780483000000e-01, -5.341030860000000e-02, 3.814035397513564e-01, 0.000000000000000e+00, 0.000000000000000e+00, 6.448373882059756e+04, 1.000000000000000e-10, 1.278429521509917e+09
528, 5.285617956000001e-01, -5.313559520000000e-02, 3.814682682816358e-01, 0.000000000000000e+00, 0.000000000000000e+00, 6.446328639465748e+04, 1.000000000000000e-10, 1.277728162808195e+09
529, 5.315447173000000e-01, -5.285205880000000e-02, 3.810875572454065e-01, 0.000000000000000e+00, 0.000000000000000e+00, 6.437026947369510e+04, 1.000000000000000e-10, 1.278537942521172e+09
530, 5.345267882000000e-01, -5.255970920000000e-02, 3.802628498317105e-01, 0.000000000000000e+00, 0.000000000000000e+00, 6.420827075119533e+04, 1.000000000000000e-10, 1.280919013151108e+09
531, 5.375079829000000e-01, -5.225855670000000e-02, 3.800319044619277e-01, 0.000000000000000e+00, 0.000000000000000e+00, 6.414928713496576e+04, 1.000000000000000e-10, 1.281321861124772e+09
532, 5.404882648000000e-01, -5.194849960000000e-02, 3.812882225102249e-01, 0.000000000000000e+00, 0.000000000000000e+00, 6.433937212180624e+04, 1.000000000000000e-10, 1.276775855868049e+09
533, 5.434672252000000e-01, -5.162600380000000e-02, 3.838229301581449e-01, 0.000000000000000e+00, 0.000000000000000e+00, 6.475144091910055e+04, 1.000000000000000e-10, 1.268129319461776e+09
534, 5.464452645000000e-01, -5.129509310000000e-02, 3.852484189541641e-01, 0.000000000000000e+00, 0.000000000000000e+00, 6.498385276376090e+04, 1.000000000000000e-10, 1.263308435428404e+09
535, 5.494232392000000e-01, -5.096360040000000e-02, 3.850649622720513e-01, 0.000000000000000e+00, 0.000000000000000e+00, 6.494974466395951e+04, 1.000000000000000e-10, 1.263804516517744e+09
536, 5.524018620000000e-01, -5.063798680000000e-02, 3.841314883491022e-01, 0.000000000000000e+00, 0.000000000000000e+00, 6.478874304492763e+04, 1.000000000000000e-10, 1.266818774898782e+09
537, 5.553807501000000e-01, -5.031480440000000e-02, 3.835980175359007e-01, 0.000000000000000e+00, 0.000000000000000e+00, 6.469485679895517e+04, 1.000000000000000e-10, 1.268508060460048e+09
538, 5.583590480000000e-01, -4.998623770000000e-02, 3.843206207567501e-01, 0.000000000000000e+00, 0.000000000000000e+00, 6.481222824894246e+04, 1.000000000000000e-10, 1.266091725128284e+09
539, 5.613359734000000e-01, -4.964547060000000e-02, 3.853099113604386e-01, 0.000000000000000e+00, 0.000000000000000e+00, 6.497305490810396e+04, 1.000000000000000e-10, 1.262781914202532e+09
540, 5.643117559000000e-01, -4.929485250000000e-02, 3.854860832657527e-01, 0.000000000000000e+00, 0.000000000000000e+00, 6.499480962287596e+04, 1.000000000000000e-10, 1.262078235335696e+09
541, 5.672864971000000e-01, -4.893550630000000e-02, 3.851974217515501e-01, 0.000000000000000e+00, 0.000000000000000e+00, 6.493465871734115e+04, 1.000000000000000e-10, 1.262811796610250e+09
542, 5.702601725000001e-01, -4.856744460000000e-02, 3.849694134150593e-01, 0.000000000000000e+00, 0.000000000000000e+00, 6.488112294505891e+04, 1.000000000000000e-10, 1.263318728093562e+09
543, 5.732327578000000e-01, -4.819067990000000e-02, 3.851630105056975e-01, 0.000000000000000e+00, 0.000000000000000e+00, 6.489497971855814e+04, 1.000000000000000e-10, 1.262368582074845e+09
544, 5.762042288000000e-01, -4.780522520000000e-02, 3.859784122902301e-01, 0.000000000000000e+00, 0.000000000000000e+00, 6.501025082776312e+04, 1.000000000000000e-10, 1.259351868937568e+09
545, 5.791745615000000e-01, -4.741109350000000e-02, 3.871381996130021e-01, 0.000000000000000e+00, 0.000000000000000e+00, 6.518172802322171e+04, 1.000000000000000e-10, 1.255202289366584e+09
546, 5.821437317000000e-01, -4.700829840000000e-02, 3.877072213544938e-01, 0.000000000000000e+00, 0.000000000000000e+00, 6.525360919943798e+04, 1.000000000000000e-10, 1.253001839395000e+09
547, 5.851117156000000e-01, -4.659685360000000e-02, 3.874711223209830e-01, 0.000000000000000e+00, 0.000000000000000e+00, 6.518957963856762e+04, 1.000000000000000e-10, 1.253382302085506e+09
548, 5.880784894000000e-01, -4.617677290000000e-02, 3.873589690973256e-01, 0.000000000000000e+00, 0.000000000000000e+00, 6.514681227797285e+04, 1.000000000000000e-10, 1.253368101455055e+09
549, 5.910439602000001e-01, -4.574759280000000e-02, 3.887114923384141e-01, 0.000000000000000e+00, 0.000000000000000e+00, 6.535063026479312e+04, 1.000000000000000e-10, 1.248595709912998e+09
550, 5.940076158000001e-01, -4.530605300000000e-02, 3.914595462690278e-01, 0.000000000000000e+00, 0.000000000000000e+00, 6.578913529975912e+04, 1.000000000000000e-10, 1.239490206796265e+09
551, 5.969702442000000e-01, -4.485766250000000e-02, 3.931703611189623e-01, 0.000000000000000e+00, 0.000000000000000e+00, 6.605568426069437e+04, 1.000000000000000e-10, 1.233775406501858e+09
552, 5.999329905000000e-01, -4.441005360000000e-02, 3.933414040174001e-01, 0.000000000000000e+00, 0.000000000000000e+00, 6.606403646210930e+04, 1.000000000000000e-10, 1.232893202859685e+09
553, 6.028966429000000e-01, -4.396848360000000e-02, 3.927939127231123e-01, 0.000000000000000e+00, 0.000000000000000e+00, 6.595250653134378e+04, 1.000000000000000e-10, 1.234315379634632e+09
554, 6.058604630000000e-01, -4.352803920000000e-02, 3.927718355829715e-01, 0.000000000000000e+00, 0.000000000000000e+00, 6.592847028297593e+04, 1.000000000000000e-10, 1.234093580001857e+09
555, 6.088233068000000e-01, -4.308108430000000e-02, 3.941313607966417e-01, 0.000000000000000e+00, 0.000000000000000e+00, 6.613519999525677e+04, 1.000000000000000e-10, 1.229509067320414e+09
556, 6.117840715000000e-01, -4.262056990000000e-02, 3.960428077814940e-01, 0.000000000000000e+00, 0.000000000000000e+00, 6.642949265121529e+04, 1.000000000000000e-10, 1.223178526554732e+09
557, 6.147428891000000e-01, -4.214769180000000e-02, 3.975568214250164e-01, 0.000000000000000e+00, 0.000000000000000e+00, 6.665525652074967e+04, 1.000000000000000e-10, 1.218097499041125e+09
558, 6.177009164000000e-01, -4.166988860000000e-02, 3.983594395676907e-01, 0.000000000000000e+00, 0.000000000000000e+00, 6.676181158179069e+04, 1.000000000000000e-10, 1.215218444733737e+09
559, 6.206593651000000e-01, -4.119470460000000e-02, 3.983329701048011e-01, 0.000000000000000e+00, 0.000000000000000e+00, 6.673171720932523e+04, 1.000000000000000e-10, 1.214915675278781e+09
560, 6.236187181000000e-01, -4.072518330000000e-02, 3.980470291396667e-01, 0.000000000000000e+00, 0.000000000000000e+00, 6.666303213421514e+04, 1.000000000000000e-10, 1.215501507410978e+09
561, 6.265779548000000e-01, -4.025493070000000e-02, 3.984872196667296e-01, 0.000000000000000e+00, 0.000000000000000e+00, 6.672043021180293e+04, 1.000000000000000e-10, 1.213914931463045e+09
562, 6.295358580000000e-01, -3.977637300000000e-02, 4.004270365841703e-01, 0.000000000000000e+00, 0.000000000000000e+00, 6.703335454851825e+04, 1.000000000000000e-10, 1.207857661685961e+09
563, 6.324917848000000e-01, -3.928575100000000e-02, 4.021336548386107e-01, 0.000000000000000e+00, 0.000000000000000e+00, 6.730829491269762e+04, 1.000000000000000e-10, 1.202573810624553e+09
564, 6.354462727000000e-01, -3.878653410000000e-02, 4.021870004281137e-01, 0.000000000000000e+00, 0.000000000000000e+00, 6.730754419782996e+04, 1.000000000000000e-10, 1.202264710128316e+09
565, 6.383993153000000e-01, -3.827883870000000e-02, 4.018214721403999e-01, 0.000000000000000e+00, 0.000000000000000e+00, 6.723889265278057e+04, 1.000000000000000e-10, 1.203248462543209e+09
566, 6.413507560000000e-01, -3.776191640000000e-02, 4.028569345395723e-01, 0.000000000000000e+00, 0.000000000000000e+00, 6.740607683460168e+04, 1.000000000000000e-10, 1.200051658261231e+09
567, 6.443000666000001e-01, -3.723297330000000e-02, 4.055590009075549e-01, 0.000000000000000e+00, 0.000000000000000e+00, 6.785220187047130e+04, 1.000000000000000e-10, 1.191976052418185e+09
568, 6.472482997000000e-01, -3.669805020000000e-02, 4.071403477133444e-01, 0.000000000000000e+00, 0.000000000000000e+00, 6.811253633417004e+04, 1.000000000000000e-10, 1.187301306067465e+09
569, 6.501967952000000e-01, -3.616457690000000e-02, 4.073755082264861e-01, 0.000000000000000e+00, 0.000000000000000e+00, 6.814867565921186e+04, 1.000000000000000e-10, 1.186570136368569e+09
570, 6.531457706000000e-01, -3.563376130000000e-02, 4.076588778095530e-01, 0.000000000000000e+00, 0.000000000000000e+00, 6.819667382448891e+04, 1.000000000000000e-10, 1.185753818862559e+09
571, 6.560947461000000e-01, -3.510294570000000e-02, 4.093548438482546e-01, 0.000000000000000e+00, 0.000000000000000e+00, 6.848354429283916e+04, 1.000000000000000e-10, 1.180875636081974e+09
572, 6.590437216000000e-01, -3.457213010000000e-02, 4.108145249617421e-01, 0.000000000000000e+00, 0.000000000000000e+00, 6.873438695928066e+04, 1.000000000000000e-10, 1.176772338848392e+09
573, 6.619929736000000e-01, -3.404285490000000e-02, 4.111091154870923e-01, 0.000000000000000e+00, 0.000000000000000e+00, 6.879208705984543e+04, 1.000000000000000e-10, 1.176047203314512e+09
574, 6.649427455000000e-01, -3.351648340000000e-02, 4.105128695298657e-01, 0.000000000000000e+00, 0.000000000000000e+00, 6.870315446921004e+04, 1.000000000000000e-10, 1.177907972924393e+09
575, 6.678917876000000e-01, -3.298604320000000e-02, 4.102895177595601e-01, 0.000000000000000e+00, 0.000000000000000e+00, 6.867724993893063e+04, 1.000000000000000e-10, 1.178707045727630e+09
576, 6.708387459000000e-01, -3.244415800000000e-02, 4.117768668064467e-01, 0.000000000000000e+00, 0.000000000000000e+00, 6.893910531996595e+04, 1.000000000000000e-10, 1.174629923986016e+09
577, 6.737831424000000e-01, -3.188851370000000e-02, 4.141404439942132e-01, 0.000000000000000e+00, 0.000000000000000e+00, 6.934642177454609e+04, 1.000000000000000e-10, 1.168085888602451e+09
578, 6.767261656000000e-01, -3.132563310000000e-02, 4.153302202430104e-01, 0.000000000000000e+00, 0.000000000000000e+00, 6.955718451880936e+04, 1.000000000000000e-10, 1.164898416810353e+09
579, 6.796692174000000e-01, -3.076290160000000e-02, 4.154192180008380e-01, 0.000000000000000e+00, 0.000000000000000e+00, 6.958327485419200e+04, 1.000000000000000e-10, 1.164790533620130e+09
580, 6.826129130000000e-01, -3.020354650000000e-02, 4.153564840876782e-01, 0.000000000000000e+00, 0.000000000000000e+00, 6.958582188013675e+04, 1.000000000000000e-10, 1.165145948028531e+09
581, 6.855566182000000e-01, -2.964424250000000e-02, 4.158759782886485e-01, 0.000000000000000e+00, 0.000000000000000e+00, 6.968597428317553e+04, 1.000000000000000e-10, 1.163848023603253e+09
582, 6.885003235000000e-01, -2.908493850000000e-02, 4.173074912352424e-01, 0.000000000000000e+00, 0.000000000000000e+00, 6.993801743898286e+04, 1.000000000000000e-10, 1.160021376648297e+09
583, 6.914440287000000e-01, -2.852563450000000e-02, 4.186787844458255e-01, 0.000000000000000e+00, 0.000000000000000e+00, 7.017942440675569e+04, 1.000000000000000e-10, 1.156378722213984e+09
584, 6.943877340000000e-01, -2.796633050000000e-02, 4.193746805064878e-01, 0.000000000000000e+00, 0.000000000000000e+00, 7.030677415189926e+04, 1.000000000000000e-10, 1.154604162166010e+09
585, 6.973314392000000e-01, -2.740702650000000e-02, 4.198236216823547e-01, 0.000000000000000e+00, 0.000000000000000e+00, 7.039199502562488e+04, 1.000000000000000e-10, 1.153503427936999e+09
586, 7.002751444999999e-01, -2.684772250000000e-02, 4.205058803455028e-01, 0.000000000000000e+00, 0.000000000000000e+00, 7.051663530590513e+04, 1.000000000000000e-10, 1.151769274235826e+09
587, 7.032188497000000e-01, -2.628841850000000e-02, 4.213383138912098e-01, 0.000000000000000e+00, 0.000000000000000e+00, 7.066762412272737e+04, 1.000000000000000e-10, 1.149645892215583e+09
588, 7.061625550000000e-01, -2.572911460000000e-02, 4.221778246532976e-01, 0.000000000000000e+00, 0.000000000000000e+00, 7.082131090369461e+04, 1.000000000000000e-10, 1.147576225056203e+09
589, 7.091062603000000e-01, -2.516981060000000e-02, 4.228607783912716e-01, 0.000000000000000e+00, 0.000000000000000e+00, 7.095000661084351e+04, 1.000000000000000e-10, 1.145910092711046e+09
590, 7.120499655000000e-01, -2.461050660000000e-02, 4.235152754959101e-01, 0.000000000000000e+00, 0.000000000000000e+00, 7.107526097736644e+04, 1.000000000000000e-10, 1.144343227783937e+09
591, 7.149936708000000e-01, -2.405120260000000e-02, 4.242002287355146e-01, 0.000000000000000e+00, 0.000000000000000e+00, 7.120704441602649e+04, 1.000000000000000e-10, 1.142717160284434e+09
592, 7.179373760000000e-01, -2.349189860000000e-02, 4.249758985016775e-01, 0.000000000000000e+00, 0.000000000000000e+00, 7.135546466940404e+04, 1.000000000000000e-10, 1.140870456034766e+09
593, 7.208810812999999e-01, -2.293259460000000e-02, 4.256749643614914e-01, 0.000000000000000e+00, 0.000000000000000e+00, 7.149216243034811e+04, 1.000000000000000e-10, 1.139249507233684e+09
594, 7.238247865000000e-01, -2.237329060000000e-02, 4.263241369064635e-01, 0.000000000000000e+00, 0.000000000000000e+00, 7.162158996291216e+04, 1.000000000000000e-10, 1.137780644048389e+09
595, 7.267684918000000e-01, -2.181398660000000e-02, 4.269584550656613e-01, 0.000000000000000e+00, 0.000000000000000e+00, 7.174960733128958e+04, 1.000000000000000e-10, 1.136369052038179e+09
596, 7.297121971000000e-01, -2.125468260000000e-02, 4.276377842475810e-01, 0.000000000000000e+00, 0.000000000000000e+00, 7.188621410838363e+04, 1.000000000000000e-10, 1.134854575135648e+09
597, 7.326559023000000e-01, -2.069537860000000e-02, 4.282031843284766e-01, 0.000000000000000e+00, 0.000000000000000e+00, 7.200462906838808e+04, 1.000000000000000e-10, 1.133657954110509e+09
598, 7.355996076000000e-01, -2.013607460000000e-02, 4.288935018581681e-01, 0.000000000000000e+00, 0.000000000000000e+00, 7.214538714232182e+04, 1.000000000000000e-10, 1.132150943198429e+09
599, 7.385433128000000e-01, -1.957677060000000e-02, 4.297377949719882e-01, 0.000000000000000e+00, 0.000000000000000e+00, 7.231361642790349e+04, 1.000000000000000e-10, 1.130262614534455e+09
600, 7.414870181000000e-01, -1.901746660000000e-02, 4.303716043605472e-01, 0.000000000000000e+00, 0.000000000000000e+00, 7.244840428723053e+04, 1.000000000000000e-10, 1.128957616829979e+09
601, 7.444307233000000e-01, -1.845816260000000e-02, 4.306972702919331e-01, 0.000000000000000e+00, 0.000000000000000e+00, 7.253442062290209e+04, 1.000000000000000e-10, 1.128501939549519e+09
602, 7.473744286000000e-01, -1.789885860000000e-02, 4.311142120074808e-01, 0.000000000000000e+00, 0.000000000000000e+00, 7.264067557630214e+04, 1.000000000000000e-10, 1.127869309360647e+09
603, 7.503181249000000e-01, -1.733950730000000e-02, 4.322333383008324e-01, 0.000000000000000e+00, 0.000000000000000e+00, 7.287161215711453e+04, 1.000000000000000e-10, 1.125485527624766e+09
604, 7.532611798000000e-01, -1.677679240000000e-02, 4.337326949894403e-01, 0.000000000000000e+00, 0.000000000000000e+00, 7.316978821004197e+04, 1.000000000000000e-10, 1.122163079504724e+09
605, 7.562042001000000e-01, -1.621389660000000e-02, 4.345145313458906e-01, 0.000000000000000e+00, 0.000000000000000e+00, 7.334720655230114e+04, 1.000000000000000e-10, 1.120711219473275e+09
606, 7.591485878000001e-01, -1.565820530000000e-02, 4.345798591379570e-01, 0.000000000000000e+00, 0.000000000000000e+00, 7.340087751862085e+04, 1.000000000000000e-10, 1.121076436732911e+09
607, 7.620955345000000e-01, -1.511625730000000e-02, 4.344376799931402e-01, 0.000000000000000e+00, 0.000000000000000e+00, 7.341637603518306e+04, 1.000000000000000e-10, 1.121938038613353e+09
608, 7.650445705000000e-01, -1.458578350000000e-02, 4.346077944782342e-01, 0.000000000000000e+00, 0.000000000000000e+00, 7.348096330276570e+04, 1.000000000000000e-10, 1.121955511720313e+09
609, 7.679943422000000e-01, -1.405941050000000e-02, 4.352585186525527e-01, 0.000000000000000e+00, 0.000000000000000e+00, 7.362523825281803e+04, 1.000000000000000e-10, 1.120715865477922e+09
610, 7.709435269000000e-01, -1.352976200000000e-02, 4.362924014737566e-01, 0.000000000000000e+00, 0.000000000000000e+00, 7.383561675268626e+04, 1.000000000000000e-10, 1.118500446517613e+09
611, 7.738917632000000e-01, -1.299485690000000e-02, 4.374700297918722e-01, 0.000000000000000e+00, 0.000000000000000e+00, 7.407191011132844e+04, 1.000000000000000e-10, 1.115938629302205e+09
612, 7.768402548000000e-01, -1.246136210000000e-02, 4.380393767716894e-01, 0.000000000000000e+00, 0.000000000000000e+00, 7.420530102672044e+04, 1.000000000000000e-10, 1.114943214395974e+09
613, 7.797903352000000e-01, -1.193673480000000e-02, 4.379144637387278e-01, 0.000000000000000e+00, 0.000000000000000e+00, 7.421796608801691e+04, 1.000000000000000e-10, 1.115655638332175e+09
614, 7.827429347000000e-01, -1.142647830000000e-02, 4.376374203377846e-01, 0.000000000000000e+00, 0.000000000000000e+00, 7.420149949322401e+04, 1.000000000000000e-10, 1.116741152898945e+09
615, 7.856972424999999e-01, -1.092619490000000e-02, 4.379654631373109e-01, 0.000000000000000e+00, 0.000000000000000e+00, 7.428464262841170e+04, 1.000000000000000e-10, 1.116243195821151e+09
616, 7.886519677000000e-01, -1.042837940000000e-02, 4.393040540261097e-01, 0.000000000000000e+00, 0.000000000000000e+00, 7.453993648166562e+04, 1.000000000000000e-10, 1.113190980215253e+09
617, 7.916060843000000e-01, -9.926965700000000e-03, 4.403153048819612e-01, 0.000000000000000e+00, 0.000000000000000e+00, 7.474121598101329e+04, 1.000000000000000e-10, 1.110991100593182e+09
618, 7.945600712999999e-01, -9.424787900000000e-03, 4.402441040795708e-01, 0.000000000000000e+00, 0.000000000000000e+00, 7.475886381797701e+04, 1.000000000000000e-10, 1.111531645926190e+09
619, 7.975140582000000e-01, -8.922610100000001e-03, 4.399687139510036e-01, 0.000000000000000e+00, 0.000000000000000e+00, 7.474178494559351e+04, 1.000000000000000e-10, 1.112588911518868e+09
620, 8.004680280000001e-01, -8.420330800000000e-03, 4.405764963902171e-01, 0.000000000000000e+00, 0.000000000000000e+00, 7.487593312198773e+04, 1.000000000000000e-10, 1.111470219369820e+09
621, 8.034213936000000e-01, -7.914512699999999e-03, 4.420746764960113e-01, 0.000000000000000e+00, 0.000000000000000e+00, 7.516517927782540e+04, 1.000000000000000e-10, 1.108121067082346e+09
622, 8.063747975000000e-01, -7.408918400000000e-03, 4.429325841529005e-01, 0.000000000000000e+00, 0.000000000000000e+00, 7.534761874068357e+04, 1.000000000000000e-10, 1.106375983634959e+09
623, 8.093295144000000e-01, -6.911064600000000e-03, 4.430537009880975e-01, 0.000000000000000e+00, 0.000000000000000e+00, 7.540202424395719e+04, 1.000000000000000e-10, 1.106478012325585e+09
624, 8.122862570000000e-01, -6.425381100000000e-03, 4.429910521574266e-01, 0.000000000000000e+00, 0.000000000000000e+00, 7.542153380167212e+04, 1.000000000000000e-10, 1.107029223986263e+09
625, 8.152444195000000e-01, -5.948422800000000e-03, 4.433266911223431e-01, 0.000000000000000e+00, 0.000000000000000e+00, 7.550438636041711e+04, 1.000000000000000e-10, 1.106508684698352e+09
626, 8.182039458000000e-01, -5.480001300000000e-03, 4.440525128047765e-01, 0.000000000000000e+00, 0.000000000000000e+00, 7.565110645222511e+04, 1.000000000000000e-10, 1.104975910595542e+09
627, 8.211648134000000e-01, -5.020132300000000e-03, 4.446764289826663e-01, 0.000000000000000e+00, 0.000000000000000e+00, 7.577950289803186e+04, 1.000000000000000e-10, 1.103665914817272e+09
628, 8.241269989000000e-01, -4.568831200000000e-03, 4.451921796880194e-01, 0.000000000000000e+00, 0.000000000000000e+00, 7.588994331190416e+04, 1.000000000000000e-10, 1.102620773389697e+09
629, 8.270904793000000e-01, -4.126113200000000e-03, 4.458219392361560e-01, 0.000000000000000e+00, 0.000000000000000e+00, 7.602163610408269e+04, 1.000000000000000e-10, 1.101364571911717e+09
630, 8.300552314000000e-01, -3.691994500000000e-03, 4.461650804211908e-01, 0.000000000000000e+00, 0.000000000000000e+00, 7.610428127638940e+04, 1.000000000000000e-10, 1.100798103995651e+09
631, 8.330216764000000e-01, -3.269608000000000e-03, 4.461517013140635e-01, 0.000000000000000e+00, 0.000000000000000e+00, 7.612685790058294e+04, 1.000000000000000e-10, 1.101127575906694e+09
632, 8.359894521000000e-01, -2.856659800000000e-03, 4.462057618084478e-01, 0.000000000000000e+00, 0.000000000000000e+00, 7.616049890052083e+04, 1.000000000000000e-10, 1.101286121200266e+09
633, 8.389574719000000e-01, -2.445467200000000e-03, 4.467527600099656e-01, 0.000000000000000e+00, 0.000000000000000e+00, 7.628175603144644e+04, 1.000000000000000e-10, 1.100278975169828e+09
634, 8.419245535000000e-01, -2.027571400000000e-03, 4.474880570386834e-01, 0.000000000000000e+00, 0.000000000000000e+00, 7.644058558101887e+04, 1.000000000000000e-10, 1.098866958541712e+09
635, 8.448907007000001e-01, -1.603081000000000e-03, 4.481083351317184e-01, 0.000000000000000e+00, 0.000000000000000e+00, 7.658379919171392e+04, 1.000000000000000e-10, 1.097797469494197e+09
636, 8.478579874000000e-01, -1.186655300000000e-03, 4.485176181446140e-01, 0.000000000000000e+00, 0.000000000000000e+00, 7.668955827168691e+04, 1.000000000000000e-10, 1.097214155226107e+09
637, 8.508284127000000e-01, -7.933073000000000e-04, 4.485971581863188e-01, 0.000000000000000e+00, 0.000000000000000e+00, 7.673322179972238e+04, 1.000000000000000e-10, 1.097314767111479e+09
638, 8.538020126000000e-01, -4.246734000000000e-04, 4.485848734483326e-01, 0.000000000000000e+00, 0.000000000000000e+00, 7.675585910878694e+04, 1.000000000000000e-10, 1.097694807468244e+09
639, 8.567775810000000e-01, -7.225130000000000e-05, 4.489158355633338e-01, 0.000000000000000e+00, 0.000000000000000e+00, 7.683196340725616e+04, 1.000000000000000e-10, 1.097112584137344e+09
640, 8.597541393000000e-01, 2.717253000000000e-04, 4.496921066296226e-01, 0.000000000000000e+00, 0.000000000000000e+00, 7.698274108303408e+04, 1.000000000000000e-10, 1.095405861092006e+09
641, 8.627313085000000e-01, 6.103705000000000e-04, 4.500428479596124e-01, 0.000000000000000e+00, 0.000000000000000e+00, 7.705959476329987e+04, 1.000000000000000e-10, 1.094729559440181e+09
642, 8.657094571000000e-01, 9.402886000000000e-04, 4.499289445325107e-01, 0.000000000000000e+00, 0.000000000000000e+00, 7.705808905420703e+04, 1.000000000000000e-10, 1.095223066235057e+09
643, 8.686885639000000e-01, 1.261439300000000e-03, 4.499659383882509e-01, 0.000000000000000e+00, 0.000000000000000e+00, 7.708295198404171e+04, 1.000000000000000e-10, 1.095347923924064e+09
644, 8.716684840000000e-01, 1.574958600000000e-03, 4.507646946377207e-01, 0.000000000000000e+00, 0.000000000000000e+00, 7.724277564897250e+04, 1.000000000000000e-10, 1.093682686989087e+09
645, 8.746489628000000e-01, 1.883117200000000e-03, 4.515578586893679e-01, 0.000000000000000e+00, 0.000000000000000e+00, 7.740574897601453e+04, 1.000000000000000e-10, 1.092073182315634e+09
646, 8.776306820999999e-01, 2.179005900000000e-03, 4.516157101229628e-01, 0.000000000000000e+00, 0.000000000000000e+00, 7.744281404176072e+04, 1.000000000000000e-10, 1.092236841749641e+09
647, 8.806143131000000e-01, 2.454910800000000e-03, 4.513912585556659e-01, 0.000000000000000e+00, 0.000000000000000e+00, 7.742990432392621e+04, 1.000000000000000e-10, 1.093074609353968e+09
648, 8.835997117000000e-01, 2.711016100000000e-03, 4.515109413884338e-01, 0.000000000000000e+00, 0.000000000000000e+00, 7.747310772645212e+04, 1.000000000000000e-10, 1.093070025289418e+09
649, 8.865865769000000e-01, 2.949408900000000e-03, 4.521778465449070e-01, 0.000000000000000e+00, 0.000000000000000e+00, 7.760968349197399e+04, 1.000000000000000e-10, 1.091712023584905e+09
650, 8.895748055000000e-01, 3.170055600000000e-03, 4.525287919417206e-01, 0.000000000000000e+00, 0.000000000000000e+00, 7.769008803171138e+04, 1.000000000000000e-10, 1.091051324205180e+09
651, 8.925644546000000e-01, 3.370490400000000e-03, 4.523969839975212e-01, 0.000000000000000e+00, 0.000000000000000e+00, 7.768662345471734e+04, 1.000000000000000e-10, 1.091603415548180e+09
652, 8.955553676000000e-01, 3.551155100000000e-03, 4.521404453589810e-01, 0.000000000000000e+00, 0.000000000000000e+00, 7.765861546890887e+04, 1.000000000000000e-10, 1.092407281233317e+09
653, 8.985469777000000e-01, 3.719930400000000e-03, 4.521366396528620e-01, 0.000000000000000e+00, 0.000000000000000e+00, 7.767327077338849e+04, 1.000000000000000e-10, 1.092596894591767e+09
654, 9.015387704000000e-01, 3.885451900000000e-03, 4.524540503551701e-01, 0.000000000000000e+00, 0.000000000000000e+00, 7.774645444930907e+04, 1.000000000000000e-10, 1.092057942782460e+09
655, 9.045306080000000e-01, 4.050146900000000e-03, 4.529927901276878e-01, 0.000000000000000e+00, 0.000000000000000e+00, 7.786079187669791e+04, 1.000000000000000e-10, 1.091007889300440e+09
656, 9.075232441000000e-01, 4.199497100000000e-03, 4.532997222439780e-01, 0.000000000000000e+00, 0.000000000000000e+00, 7.793495566068834e+04, 1.000000000000000e-10, 1.090525951913372e+09
657, 9.105172638000000e-01, 4.317576000000000e-03, 4.532071271428832e-01, 0.000000000000000e+00, 0.000000000000000e+00, 7.793489114848338e+04, 1.000000000000000e-10, 1.090929738598278e+09
658, 9.135124732000000e-01, 4.400428400000000e-03, 4.529129674165829e-01, 0.000000000000000e+00, 0.000000000000000e+00, 7.789466450745326e+04, 1.000000000000000e-10, 1.091756656685910e+09
659, 9.165083028000000e-01, 4.456858500000000e-03, 4.527809581172593e-01, 0.000000000000000e+00, 0.000000000000000e+00, 7.787757099786676e+04, 1.000000000000000e-10, 1.092108085653190e+09
660, 9.195044264000000e-01, 4.494915400000000e-03, 4.529848903206644e-01, 0.000000000000000e+00, 0.000000000000000e+00, 7.791948999845023e+04, 1.000000000000000e-10, 1.091704976799332e+09
661, 9.225006781000000e-01, 4.521098200000000e-03, 4.531503595598559e-01, 0.000000000000000e+00, 0.000000000000000e+00, 7.795982193486547e+04, 1.000000000000000e-10, 1.091448614907363e+09
662, 9.254970225000000e-01, 4.531556300000000e-03, 4.531082805243301e-01, 0.000000000000000e+00, 0.000000000000000e+00, 7.796871871899045e+04, 1.000000000000000e-10, 1.091734185574804e+09
663, 9.284933501000000e-01, 4.518230800000000e-03, 4.528957431688544e-01, 0.000000000000000e+00, 0.000000000000000e+00, 7.794729483499589e+04, 1.000000000000000e-10, 1.092432723378645e+09
664, 9.314893480999999e-01, 4.472444700000000e-03, 4.524736968769560e-01, 0.000000000000000e+00, 0.000000000000000e+00, 7.788458944445524e+04, 1.000000000000000e-10, 1.093565384358036e+09
665, 9.344846103000000e-01, 4.391470900000000e-03, 4.519133893853475e-01, 0.000000000000000e+00, 0.000000000000000e+00, 7.779327901570821e+04, 1.000000000000000e-10, 1.094980176061361e+09
666, 9.374792507000000e-01, 4.289801600000000e-03, 4.514113667856700e-01, 0.000000000000000e+00, 0.000000000000000e+00, 7.770840764288726e+04, 1.000000000000000e-10, 1.096181134639140e+09
667, 9.404737331000000e-01, 4.183520900000000e-03, 4.511871423120750e-01, 0.000000000000000e+00, 0.000000000000000e+00, 7.767363740285784e+04, 1.000000000000000e-10, 1.096802959493406e+09
668, 9.434683278000000e-01, 4.080451000000000e-03, 4.511898417393509e-01, 0.000000000000000e+00, 0.000000000000000e+00, 7.768322253483810e+04, 1.000000000000000e-10, 1.096901376081566e+09
669, 9.464625694000000e-01, 3.967701700000000e-03, 4.510474419224697e-01, 0.000000000000000e+00, 0.000000000000000e+00, 7.767027060121356e+04, 1.000000000000000e-10, 1.097333227394387e+09
670, 9.494557192999999e-01, 3.829211000000000e-03, 4.506590414825550e-01, 0.000000000000000e+00, 0.000000000000000e+00, 7.761174445824517e+04, 1.000000000000000e-10, 1.098375358881953e+09
671, 9.524469545000001e-01, 3.654174900000000e-03, 4.500915953034887e-01, 0.000000000000000e+00, 0.000000000000000e+00, 7.751799421731857e+04, 1.000000000000000e-10, 1.099845174153741e+09
672, 9.554363444000000e-01, 3.449926600000000e-03, 4.494652331860752e-01, 0.000000000000000e+00, 0.000000000000000e+00, 7.740941079366159e+04, 1.000000000000000e-10, 1.101369690163660e+09
673, 9.584242260000000e-01, 3.224624800000000e-03, 4.488836580147552e-01, 0.000000000000000e+00, 0.000000000000000e+00, 7.730708212883658e+04, 1.000000000000000e-10, 1.102741106511362e+09
674, 9.614110739000000e-01, 2.985978000000000e-03, 4.484832718533334e-01, 0.000000000000000e+00, 0.000000000000000e+00, 7.723771010341203e+04, 1.000000000000000e-10, 1.103755412603045e+09
675, 9.643968526000000e-01, 2.734335600000000e-03, 4.483382584600791e-01, 0.000000000000000e+00, 0.000000000000000e+00, 7.721068035456896e+04, 1.000000000000000e-10, 1.104066207032939e+09
676, 9.673808280000000e-01, 2.462191300000000e-03, 4.477671857488392e-01, 0.000000000000000e+00, 0.000000000000000e+00, 7.710086338409883e+04, 1.000000000000000e-10, 1.105335528639974e+09
677, 9.703620847000000e-01, 2.161784500000000e-03, 4.466067428000430e-01, 0.000000000000000e+00, 0.000000000000000e+00, 7.687215951808330e+04, 1.000000000000000e-10, 1.107865648114032e+09
678, 9.733402982000000e-01, 1.832532300000000e-03, 4.454936594483985e-01, 0.000000000000000e+00, 0.000000000000000e+00, 7.663242556524246e+04, 1.000000000000000e-10, 1.110076917110448e+09
679, 9.763154943000000e-01, 1.477044900000000e-03, 4.454942863872602e-01, 0.000000000000000e+00, 0.000000000000000e+00, 7.656222798653635e+04, 1.000000000000000e-10, 1.109244821021215e+09
680, 9.792874526000001e-01, 1.095432300000000e-03, 4.465024921479949e-01, 0.000000000000000e+00, 0.000000000000000e+00, 7.664242097686420e+04, 1.000000000000000e-10, 1.105647577524759e+09
681, 9.822556855000000e-01, 6.858801000000000e-04, 4.450320038867806e-01, 0.000000000000000e+00, 0.000000000000000e+00, 7.628107221001819e+04, 1.000000000000000e-10, 1.108009915036331e+09
682, 9.852198673000000e-01, 2.479352000000000e-04, 4.407577154444418e-01, 0.000000000000000e+00, 0.000000000000000e+00, 7.542305918660267e+04, 1.000000000000000e-10, 1.117239178468740e+09
683, 9.881808922000000e-01, -2.108983000000000e-04, 4.370022649020260e-01, 0.000000000000000e+00, 0.000000000000000e+00, 7.464364950757126e+04, 1.000000000000000e-10, 1.125148237524836e+09
684, 9.911395461000000e-01, -6.847765000000000e-04, 4.442945754652577e-01, 0.000000000000000e+00, 0.000000000000000e+00, 7.575877273657572e+04, 1.000000000000000e-10, 1.105122317113518e+09
685, 9.940944037000000e-01, -1.181769000000000e-03, 4.523949715327007e-01, 0.000000000000000e+00, 0.000000000000000e+00, 7.704438846943030e+04, 1.000000000000000e-10, 1.084243539472412e+09
686, 9.970470357000000e-01, -1.691851000000000e-03, 4.392955327848160e-01, 0.000000000000000e+00, 0.000000000000000e+00, 7.475786887811648e+04, 1.000000000000000e-10, 1.115895812717137e+09
687, 1.000000000000000e+00, 5.500000000000000e-04, 3.295644933209569e-01, 0.000000000000000e+00, 0.000000000000000e+00, 5.595924817314167e+04, 1.000000000000000e-10, 1.484722983185255e+09
