2 0.000000 100.000000 335.864767
25 16 
1 -207.390179 0.000000 -207.392223 99.448526 -0.000000 10.453824 0.000071 
2 215.753176 0.000000 -207.392223 99.449873 -0.000001 10.432603 0.000088 
3 215.753176 0.000000 208.562911 99.458994 -0.000001 10.422165 -0.000071 
4 -207.390179 0.000000 208.562911 99.456521 -0.000000 10.453570 -0.000088 
5 4.181499 0.000000 0.585344 99.761085 0.000001 3.477421 0.003563 
6 -207.390179 0.000000 0.585344 99.452736 -0.000001 10.458076 -0.000022 
7 4.181499 0.000000 -207.392223 99.440831 -0.000001 10.442138 0.000248 
8 215.753176 0.000000 0.585344 99.598286 0.000013 9.052881 -0.000177 
9 4.181499 0.000000 208.562911 99.465996 -0.000001 10.439842 -0.000247 
10 -101.604340 0.000000 -103.403439 99.437626 -0.000001 10.456787 0.000281 
11 -207.390179 0.000000 -103.403439 99.448846 -0.000000 10.456220 0.000059 
12 -101.604340 0.000000 -207.392223 99.444250 -0.000000 10.451305 0.000161 
13 4.181499 0.000000 -103.403439 99.407120 -0.000002 10.410906 0.000984 
14 -101.604340 0.000000 0.585344 99.454360 -0.000003 10.473624 -0.000087 
15 109.967337 0.000000 -103.403439 99.442804 -0.000003 10.372948 0.000353 
16 109.967337 0.000000 -207.392223 99.445140 -0.000001 10.433644 0.000180 
17 215.753176 0.000000 -103.403439 99.454613 -0.000002 10.385392 0.000092 
18 109.967337 0.000000 0.585344 99.765842 0.000040 7.427585 -0.000839 
19 109.967337 0.000000 104.574128 99.479018 -0.000007 10.333562 -0.000286 
20 4.181499 0.000000 104.574128 99.506625 -0.000009 10.402251 -0.000978 
21 215.753176 0.000000 104.574128 99.471051 -0.000006 10.302130 -0.000062 
22 109.967337 0.000000 208.562911 99.462932 -0.000001 10.427944 -0.000162 
23 -101.604340 0.000000 104.574128 99.469371 -0.000002 10.455771 -0.000348 
24 -207.390179 0.000000 104.574128 99.456469 -0.000001 10.456016 -0.000092 
25 -101.604340 0.000000 208.562911 99.461422 -0.000001 10.450563 -0.000179 
1 1 12 10 11 
2 12 7 13 10 
3 10 13 5 14 
4 11 10 14 6 
5 7 16 15 13 
6 16 2 17 15 
7 15 17 8 18 
8 13 15 18 5 
9 5 18 19 20 
10 18 8 21 19 
11 19 21 3 22 
12 20 19 22 9 
13 6 14 23 24 
14 14 5 20 23 
15 23 20 9 25 
16 24 23 25 4 
