2 0.000000 100.000000 335.864767
25 16 
1 -207.390179 0.000000 -207.392223 99.022319 -0.000000 13.918594 0.000085 
2 215.753176 0.000000 -207.392223 99.024408 -0.000001 13.893280 0.000114 
3 215.753176 0.000000 208.562911 99.037012 -0.000002 13.875409 -0.000086 
4 -207.390179 0.000000 208.562911 99.032411 -0.000000 13.918174 -0.000113 
5 4.181499 0.000000 0.585344 99.517343 0.000003 3.470593 0.008425 
6 -207.390179 0.000000 0.585344 99.027713 -0.000001 13.923908 -0.000036 
7 4.181499 0.000000 -207.392223 99.012921 -0.000001 13.904245 0.000311 
8 215.753176 0.000000 0.585344 99.188940 -0.000005 12.750722 -0.000103 
9 4.181499 0.000000 208.562911 99.044819 -0.000002 13.900411 -0.000310 
10 -101.604340 0.000000 -103.403439 99.008938 -0.000001 13.922467 0.000340 
11 -207.390179 0.000000 -103.403439 99.022775 -0.000001 13.921604 0.000068 
12 -101.604340 0.000000 -207.392223 99.017044 -0.000001 13.915513 0.000198 
13 4.181499 0.000000 -103.403439 98.971660 -0.000000 13.865993 0.001234 
14 -101.604340 0.000000 0.585344 99.030357 -0.000004 13.943545 -0.000143 
15 109.967337 0.000000 -103.403439 99.017049 -0.000003 13.822257 0.000457 
16 109.967337 0.000000 -207.392223 99.018465 -0.000001 13.894065 0.000230 
17 215.753176 0.000000 -103.403439 99.031354 -0.000003 13.840672 0.000123 
18 109.967337 0.000000 0.585344 99.430436 0.000020 10.992345 -0.000724 
19 109.967337 0.000000 104.574128 99.066794 -0.000011 13.755176 -0.000343 
20 4.181499 0.000000 104.574128 99.097704 -0.000015 13.851660 -0.001222 
21 215.753176 0.000000 104.574128 99.062055 -0.000013 13.691004 -0.000073 
22 109.967337 0.000000 208.562911 99.041438 -0.000002 13.884453 -0.000198 
23 -101.604340 0.000000 104.574128 99.049028 -0.000003 13.920812 -0.000450 
24 -207.390179 0.000000 104.574128 99.032396 -0.000001 13.921271 -0.000122 
25 -101.604340 0.000000 208.562911 99.038737 -0.000001 13.914283 -0.000228 
1 1 12 10 11 
2 12 7 13 10 
3 10 13 5 14 
4 11 10 14 6 
5 7 16 15 13 
6 16 2 17 15 
7 15 17 8 18 
8 13 15 18 5 
9 5 18 19 20 
10 18 8 21 19 
11 19 21 3 22 
12 20 19 22 9 
13 6 14 23 24 
14 14 5 20 23 
15 23 20 9 25 
16 24 23 25 4 
