2 0.000000 100.000000 335.864767
25 16 
1 -207.390179 0.000000 -207.392223 99.937229 -0.000000 3.490381 0.000037 
2 215.753176 0.000000 -207.392223 99.937465 -0.000000 3.478927 0.000040 
3 215.753176 0.000000 208.562911 99.941395 -0.000000 3.477266 -0.000037 
4 -207.390179 0.000000 208.562911 99.941047 -0.000000 3.490336 -0.000040 
5 4.181499 0.000000 0.585344 99.950163 0.000001 3.480594 -0.000215 
6 -207.390179 0.000000 0.585344 99.939178 -0.000000 3.492446 -0.000004 
7 4.181499 0.000000 -207.392223 99.933280 -0.000000 3.484492 0.000120 
8 215.753176 0.000000 0.585344 100.009042 0.000031 1.483907 -0.000401 
9 4.181499 0.000000 208.562911 99.945279 -0.000000 3.484108 -0.000120 
10 -101.604340 0.000000 -103.403439 99.931756 -0.000000 3.491706 0.000145 
11 -207.390179 0.000000 -103.403439 99.937345 -0.000000 3.491533 0.000034 
12 -101.604340 0.000000 -207.392223 99.935090 -0.000000 3.489109 0.000080 
13 4.181499 0.000000 -103.403439 99.916090 -0.000001 3.468747 0.000474 
14 -101.604340 0.000000 0.585344 99.939494 -0.000001 3.499821 -0.000015 
15 109.967337 0.000000 -103.403439 99.932563 -0.000001 3.446621 0.000160 
16 109.967337 0.000000 -207.392223 99.935213 -0.000000 3.479951 0.000084 
17 215.753176 0.000000 -103.403439 99.938520 -0.000001 3.449256 0.000039 
18 109.967337 0.000000 0.585344 100.038701 0.000027 0.622037 -0.000813 
19 109.967337 0.000000 104.574128 99.948324 -0.000001 3.440220 -0.000150 
20 4.181499 0.000000 104.574128 99.963596 -0.000001 3.467231 -0.000474 
21 215.753176 0.000000 104.574128 99.942675 -0.000001 3.436658 -0.000035 
22 109.967337 0.000000 208.562911 99.943538 -0.000000 3.479022 -0.000081 
23 -101.604340 0.000000 104.574128 99.946860 -0.000000 3.491510 -0.000157 
24 -207.390179 0.000000 104.574128 99.940980 -0.000000 3.491495 -0.000039 
25 -101.604340 0.000000 208.562911 99.943287 -0.000000 3.488980 -0.000083 
1 1 12 10 11 
2 12 7 13 10 
3 10 13 5 14 
4 11 10 14 6 
5 7 16 15 13 
6 16 2 17 15 
7 15 17 8 18 
8 13 15 18 5 
9 5 18 19 20 
10 18 8 21 19 
11 19 21 3 22 
12 20 19 22 9 
13 6 14 23 24 
14 14 5 20 23 
15 23 20 9 25 
16 24 23 25 4 
