2 0.000000 100.000000 335.864767
25 16 
1 -207.390179 0.000000 -207.392223 99.999134 0.000000 0.000191 0.000017 
2 215.753176 0.000000 -207.392223 99.999104 0.000000 -0.005410 0.000018 
3 215.753176 0.000000 208.562911 100.000898 -0.000000 -0.005422 -0.000018 
4 -207.390179 0.000000 208.562911 100.000868 0.000000 0.000188 -0.000017 
5 4.181499 0.000000 0.585344 99.895316 0.000001 3.476935 0.000884 
6 -207.390179 0.000000 0.585344 100.000005 0.000000 0.001131 -0.000000 
7 4.181499 0.000000 -207.392223 99.997251 0.000000 -0.002553 0.000055 
8 215.753176 0.000000 0.585344 100.000065 -0.000003 -1.993555 -0.000399 
9 4.181499 0.000000 208.562911 100.002750 0.000000 -0.002561 -0.000055 
10 -101.604340 0.000000 -103.403439 99.996612 0.000000 0.000786 0.000068 
11 -207.390179 0.000000 -103.403439 99.999182 0.000000 0.000714 0.000016 
12 -101.604340 0.000000 -207.392223 99.998137 0.000000 -0.000397 0.000037 
13 4.181499 0.000000 -103.403439 99.989101 0.000000 -0.009800 0.000218 
14 -101.604340 0.000000 0.585344 100.000036 0.000000 0.004416 -0.000001 
15 109.967337 0.000000 -103.403439 99.996371 0.000000 -0.021268 0.000073 
16 109.967337 0.000000 -207.392223 99.998083 0.000000 -0.004774 0.000038 
17 215.753176 0.000000 -103.403439 99.999138 0.000000 -0.021274 0.000017 
18 109.967337 0.000000 0.585344 100.000097 -0.000003 -1.995901 -0.000400 
19 109.967337 0.000000 104.574128 100.003644 -0.000000 -0.021362 -0.000073 
20 4.181499 0.000000 104.574128 100.010901 0.000000 -0.009858 -0.000218 
21 215.753176 0.000000 104.574128 100.000868 -0.000000 -0.021384 -0.000017 
22 109.967337 0.000000 208.562911 100.001919 -0.000000 -0.004784 -0.000038 
23 -101.604340 0.000000 104.574128 100.003404 0.000000 0.000767 -0.000068 
24 -207.390179 0.000000 104.574128 100.000823 0.000000 0.000711 -0.000016 
25 -101.604340 0.000000 208.562911 100.001865 0.000000 -0.000403 -0.000037 
1 1 12 10 11 
2 12 7 13 10 
3 10 13 5 14 
4 11 10 14 6 
5 7 16 15 13 
6 16 2 17 15 
7 15 17 8 18 
8 13 15 18 5 
9 5 18 19 20 
10 18 8 21 19 
11 19 21 3 22 
12 20 19 22 9 
13 6 14 23 24 
14 14 5 20 23 
15 23 20 9 25 
16 24 23 25 4 
