2 0.000000 100.000000 335.864767
25 16 
1 -207.390179 0.000000 -207.392223 99.753619 -0.000000 6.976341 0.000055 
2 215.753176 0.000000 -207.392223 99.754333 -0.000000 6.959713 0.000064 
3 215.753176 0.000000 208.562911 99.760639 -0.000001 6.954615 -0.000055 
4 -207.390179 0.000000 208.562911 99.759524 -0.000000 6.976212 -0.000063 
5 4.181499 0.000000 0.585344 99.905398 0.000001 3.480757 0.000680 
6 -207.390179 0.000000 0.585344 99.756681 -0.000000 6.979510 -0.000011 
7 4.181499 0.000000 -207.392223 99.747737 -0.000000 6.967474 0.000184 
8 215.753176 0.000000 0.585344 99.873891 0.000024 5.288776 -0.000277 
9 4.181499 0.000000 208.562911 99.766280 -0.000001 6.966327 -0.000184 
10 -101.604340 0.000000 -103.403439 99.745354 -0.000001 6.978455 0.000217 
11 -207.390179 0.000000 -103.403439 99.753826 -0.000000 6.978117 0.000048 
12 -101.604340 0.000000 -207.392223 99.750387 -0.000000 6.974425 0.000122 
13 4.181499 0.000000 -103.403439 99.722039 -0.000002 6.943738 0.000730 
14 -101.604340 0.000000 0.585344 99.757529 -0.000002 6.990972 -0.000044 
15 109.967337 0.000000 -103.403439 99.748040 -0.000002 6.912892 0.000254 
16 109.967337 0.000000 -207.392223 99.750836 -0.000000 6.960851 0.000132 
17 215.753176 0.000000 -103.403439 99.757050 -0.000001 6.919917 0.000065 
18 109.967337 0.000000 0.585344 99.965443 0.000032 3.957487 -0.000875 
19 109.967337 0.000000 104.574128 99.773204 -0.000003 6.893523 -0.000221 
20 4.181499 0.000000 104.574128 99.795406 -0.000004 6.939354 -0.000728 
21 215.753176 0.000000 104.574128 99.765503 -0.000002 6.880571 -0.000050 
22 109.967337 0.000000 208.562911 99.763780 -0.000001 6.958033 -0.000123 
23 -101.604340 0.000000 104.574128 99.768773 -0.000001 6.977926 -0.000250 
24 -207.390179 0.000000 104.574128 99.759454 -0.000000 6.978012 -0.000064 
25 -101.604340 0.000000 208.562911 99.763064 -0.000000 6.974050 -0.000131 
1 1 12 10 11 
2 12 7 13 10 
3 10 13 5 14 
4 11 10 14 6 
5 7 16 15 13 
6 16 2 17 15 
7 15 17 8 18 
8 13 15 18 5 
9 5 18 19 20 
10 18 8 21 19 
11 19 21 3 22 
12 20 19 22 9 
13 6 14 23 24 
14 14 5 20 23 
15 23 20 9 25 
16 24 23 25 4 
