2 0.000000 100.000000 335.864767
25 16 
1 -207.402229 0.000000 -207.404121 99.753879 -0.000000 6.976275 0.000050 
2 216.037852 0.000000 -207.404121 99.754537 -0.000000 6.961220 0.000057 
3 216.037852 0.000000 208.641894 99.760233 -0.000000 6.956593 -0.000050 
4 -207.402229 0.000000 208.641894 99.759233 -0.000000 6.976157 -0.000057 
5 4.317812 0.000000 0.618887 99.927310 0.000001 4.023803 -0.000166 
6 -207.402229 0.000000 0.618887 99.756658 -0.000000 6.979151 -0.000010 
7 4.317812 0.000000 -207.404121 99.748556 -0.000000 6.968225 0.000167 
8 216.037852 0.000000 0.618887 99.864348 0.000023 5.425899 -0.000233 
9 4.317812 0.000000 208.641894 99.765347 -0.000000 6.967182 -0.000167 
10 -101.542209 0.000000 -103.392617 99.746366 -0.000001 6.978186 0.000197 
11 -207.402229 0.000000 -103.392617 99.754066 -0.000000 6.977887 0.000044 
12 -101.542209 0.000000 -207.404121 99.750948 -0.000000 6.974534 0.000110 
13 4.317812 0.000000 -103.392617 99.725274 -0.000001 6.946574 0.000661 
14 -101.542209 0.000000 0.618887 99.757445 -0.000001 6.989582 -0.000040 
15 110.177832 0.000000 -103.392617 99.748891 -0.000001 6.918810 0.000229 
16 110.177832 0.000000 -207.404121 99.751376 -0.000000 6.962239 0.000119 
17 216.037852 0.000000 -103.392617 99.757002 -0.000001 6.925200 0.000058 
18 110.177832 0.000000 0.618887 99.950979 0.000029 4.167524 -0.000757 
19 110.177832 0.000000 104.630391 99.771575 -0.000002 6.901176 -0.000199 
20 4.317812 0.000000 104.630391 99.791734 -0.000003 6.942573 -0.000659 
21 216.037852 0.000000 104.630391 99.764643 -0.000002 6.889421 -0.000045 
22 110.177832 0.000000 208.641894 99.763072 -0.000000 6.959680 -0.000111 
23 -101.542209 0.000000 104.630391 99.767646 -0.000001 6.977695 -0.000227 
24 -207.402229 0.000000 104.630391 99.759173 -0.000000 6.977790 -0.000058 
25 -101.542209 0.000000 208.641894 99.762443 -0.000000 6.974191 -0.000118 
1 1 12 10 11 
2 12 7 13 10 
3 10 13 5 14 
4 11 10 14 6 
5 7 16 15 13 
6 16 2 17 15 
7 15 17 8 18 
8 13 15 18 5 
9 5 18 19 20 
10 18 8 21 19 
11 19 21 3 22 
12 20 19 22 9 
13 6 14 23 24 
14 14 5 20 23 
15 23 20 9 25 
16 24 23 25 4 
