2 0.000000 100.000000 335.864767
25 16 
1 -207.402229 0.000000 -207.404121 98.475756 -0.000000 17.366355 0.000094 
2 216.037852 0.000000 -207.404121 98.478546 -0.000001 17.338749 0.000134 
3 216.037852 0.000000 208.641894 98.494754 -0.000003 17.312320 -0.000093 
4 -207.402229 0.000000 208.641894 98.487396 -0.000001 17.365754 -0.000134 
5 4.317812 0.000000 0.618887 99.226248 -0.000002 4.000622 0.013815 
6 -207.402229 0.000000 0.618887 98.482072 -0.000001 17.372425 -0.000052 
7 4.317812 0.000000 -207.404121 98.465278 -0.000001 17.350244 0.000356 
8 216.037852 0.000000 0.618887 98.642758 -0.000016 16.431123 -0.000038 
9 4.317812 0.000000 208.641894 98.502240 -0.000003 17.344735 -0.000353 
10 -101.542209 0.000000 -103.392617 98.460724 -0.000001 17.370967 0.000374 
11 -207.402229 0.000000 -103.392617 98.476341 -0.000001 17.369812 0.000070 
12 -101.542209 0.000000 -207.404121 98.469809 -0.000001 17.362907 0.000223 
13 4.317812 0.000000 -103.392617 98.419180 0.000003 17.307279 0.001412 
14 -101.542209 0.000000 0.618887 98.485843 -0.000005 17.395152 -0.000205 
15 110.177832 0.000000 -103.392617 98.471716 -0.000003 17.261523 0.000536 
16 110.177832 0.000000 -207.404121 98.471773 -0.000001 17.339116 0.000266 
17 216.037852 0.000000 -103.392617 98.487325 -0.000003 17.285003 0.000148 
18 110.177832 0.000000 0.618887 98.928780 -0.000004 14.762903 -0.000485 
19 110.177832 0.000000 104.630391 98.535163 -0.000015 17.162697 -0.000374 
20 4.317812 0.000000 104.630391 98.565120 -0.000020 17.286745 -0.001391 
21 216.037852 0.000000 104.630391 98.540087 -0.000018 17.048428 -0.000080 
22 110.177832 0.000000 208.641894 98.498994 -0.000003 17.325165 -0.000221 
23 -101.542209 0.000000 104.630391 98.507065 -0.000004 17.368609 -0.000531 
24 -207.402229 0.000000 104.630391 98.487440 -0.000001 17.369336 -0.000147 
25 -101.542209 0.000000 208.641894 98.494859 -0.000001 17.361148 -0.000265 
1 1 12 10 11 
2 12 7 13 10 
3 10 13 5 14 
4 11 10 14 6 
5 7 16 15 13 
6 16 2 17 15 
7 15 17 8 18 
8 13 15 18 5 
9 5 18 19 20 
10 18 8 21 19 
11 19 21 3 22 
12 20 19 22 9 
13 6 14 23 24 
14 14 5 20 23 
15 23 20 9 25 
16 24 23 25 4 
