2 0.000000 100.000000 335.864767
25 16 
1 -207.402229 0.000000 -207.404121 99.999408 0.000000 0.000131 0.000012 
2 216.037852 0.000000 -207.404121 99.999383 -0.000000 -0.003725 0.000012 
3 216.037852 0.000000 208.641894 100.000617 -0.000000 -0.003722 -0.000012 
4 -207.402229 0.000000 208.641894 100.000593 -0.000000 0.000130 -0.000012 
5 4.317812 0.000000 0.618887 99.890281 0.000000 4.018798 0.000578 
6 -207.402229 0.000000 0.618887 100.000003 0.000000 0.000772 -0.000000 
7 4.317812 0.000000 -207.404121 99.998110 0.000000 -0.001751 0.000038 
8 216.037852 0.000000 0.618887 100.000060 0.000005 -1.974702 -0.000391 
9 4.317812 0.000000 208.641894 100.001887 -0.000000 -0.001750 -0.000038 
10 -101.542209 0.000000 -103.392617 99.997685 0.000000 0.000542 0.000046 
11 -207.402229 0.000000 -103.392617 99.999442 0.000000 0.000489 0.000011 
12 -101.542209 0.000000 -207.404121 99.998724 0.000000 -0.000270 0.000026 
13 4.317812 0.000000 -103.392617 99.992473 0.000000 -0.006747 0.000151 
14 -101.542209 0.000000 0.618887 100.000022 0.000000 0.003008 -0.000000 
15 110.177832 0.000000 -103.392617 99.997488 0.000000 -0.014758 0.000050 
16 110.177832 0.000000 -207.404121 99.998679 0.000000 -0.003285 0.000026 
17 216.037852 0.000000 -103.392617 99.999405 0.000000 -0.014768 0.000012 
18 110.177832 0.000000 0.618887 100.000079 0.000005 -1.975968 -0.000392 
19 110.177832 0.000000 104.630391 100.002516 -0.000000 -0.014732 -0.000050 
20 4.317812 0.000000 104.630391 100.007495 -0.000000 -0.006742 -0.000150 
21 216.037852 0.000000 104.630391 100.000598 -0.000000 -0.014753 -0.000012 
22 110.177832 0.000000 208.641894 100.001320 -0.000000 -0.003281 -0.000026 
23 -101.542209 0.000000 104.630391 100.002320 0.000000 0.000530 -0.000046 
24 -207.402229 0.000000 104.630391 100.000561 -0.000000 0.000486 -0.000011 
25 -101.542209 0.000000 208.641894 100.001275 -0.000000 -0.000272 -0.000026 
1 1 12 10 11 
2 12 7 13 10 
3 10 13 5 14 
4 11 10 14 6 
5 7 16 15 13 
6 16 2 17 15 
7 15 17 8 18 
8 13 15 18 5 
9 5 18 19 20 
10 18 8 21 19 
11 19 21 3 22 
12 20 19 22 9 
13 6 14 23 24 
14 14 5 20 23 
15 23 20 9 25 
16 24 23 25 4 
