2 0.000000 100.000000 335.864767
25 16 
1 -207.402229 0.000000 -207.404121 99.937496 -0.000000 3.490319 0.000031 
2 216.037852 0.000000 -207.404121 99.937703 -0.000000 3.480519 0.000034 
3 216.037852 0.000000 208.641894 99.941056 -0.000000 3.479098 -0.000032 
4 -207.402229 0.000000 208.641894 99.940764 -0.000000 3.490279 -0.000034 
5 4.317812 0.000000 0.618887 99.959308 0.000001 4.023348 -0.000805 
6 -207.402229 0.000000 0.618887 99.939166 -0.000000 3.492087 -0.000003 
7 4.317812 0.000000 -207.404121 99.934119 -0.000000 3.485269 0.000102 
8 216.037852 0.000000 0.618887 100.003972 0.000024 1.629537 -0.000345 
9 4.317812 0.000000 208.641894 99.944381 -0.000000 3.484941 -0.000102 
10 -101.542209 0.000000 -103.392617 99.932798 -0.000000 3.491449 0.000125 
11 -207.402229 0.000000 -103.392617 99.937595 -0.000000 3.491305 0.000029 
12 -101.542209 0.000000 -207.404121 99.935663 -0.000000 3.489227 0.000069 
13 4.317812 0.000000 -103.392617 99.919393 -0.000000 3.471692 0.000406 
14 -101.542209 0.000000 0.618887 99.939444 -0.000000 3.498421 -0.000013 
15 110.177832 0.000000 -103.392617 99.933538 -0.000000 3.452824 0.000137 
16 110.177832 0.000000 -207.404121 99.935779 -0.000000 3.481389 0.000072 
17 216.037852 0.000000 -103.392617 99.938610 -0.000000 3.455099 0.000034 
18 110.177832 0.000000 0.618887 100.033558 0.000022 0.772198 -0.000731 
19 110.177832 0.000000 104.630391 99.946964 -0.000001 3.447337 -0.000128 
20 4.317812 0.000000 104.630391 99.960059 -0.000000 3.470401 -0.000406 
21 216.037852 0.000000 104.630391 99.942153 -0.000001 3.444282 -0.000030 
22 110.177832 0.000000 208.641894 99.942887 -0.000000 3.480596 -0.000070 
23 -101.542209 0.000000 104.630391 99.945753 -0.000000 3.491276 -0.000134 
24 -207.402229 0.000000 104.630391 99.940708 -0.000000 3.491272 -0.000033 
25 -101.542209 0.000000 208.641894 99.942682 -0.000000 3.489115 -0.000071 
1 1 12 10 11 
2 12 7 13 10 
3 10 13 5 14 
4 11 10 14 6 
5 7 16 15 13 
6 16 2 17 15 
7 15 17 8 18 
8 13 15 18 5 
9 5 18 19 20 
10 18 8 21 19 
11 19 21 3 22 
12 20 19 22 9 
13 6 14 23 24 
14 14 5 20 23 
15 23 20 9 25 
16 24 23 25 4 
