2 0.000000 100.000000 335.864767
25 16 
1 -207.397227 0.000000 -207.398988 99.937376 -0.000000 3.490346 0.000034 
2 216.273736 0.000000 -207.398988 99.937605 -0.000000 3.479821 0.000037 
3 216.273736 0.000000 208.617362 99.941200 -0.000000 3.478285 -0.000034 
4 -207.397227 0.000000 208.617362 99.940892 -0.000000 3.490304 -0.000036 
5 4.438255 0.000000 0.609187 100.034313 0.000001 4.417220 -0.002638 
6 -207.397227 0.000000 0.609187 99.939171 -0.000000 3.492249 -0.000003 
7 4.438255 0.000000 -207.398988 99.933750 -0.000000 3.484913 0.000110 
8 216.273736 0.000000 0.609187 99.999590 0.000025 1.754493 -0.000300 
9 4.438255 0.000000 208.617362 99.944779 -0.000000 3.484555 -0.000110 
10 -101.479486 0.000000 -103.394901 99.932317 -0.000000 3.491558 0.000134 
11 -207.397227 0.000000 -103.394901 99.937482 -0.000000 3.491407 0.000031 
12 -101.479486 0.000000 -207.398988 99.935405 -0.000000 3.489170 0.000074 
13 4.438255 0.000000 -103.394901 99.917964 -0.000001 3.470310 0.000436 
14 -101.479486 0.000000 0.609187 99.939469 -0.000001 3.499079 -0.000014 
15 110.355996 0.000000 -103.394901 99.933153 -0.000001 3.450180 0.000146 
16 110.355996 0.000000 -207.398988 99.935540 -0.000000 3.480750 0.000077 
17 216.273736 0.000000 -103.394901 99.938577 -0.000001 3.452619 0.000036 
18 110.355996 0.000000 0.609187 100.022463 0.000021 1.087873 -0.000568 
19 110.355996 0.000000 104.613275 99.947519 -0.000001 3.444234 -0.000137 
20 4.438255 0.000000 104.613275 99.961615 -0.000002 3.468886 -0.000436 
21 216.273736 0.000000 104.613275 99.942372 -0.000001 3.440979 -0.000032 
22 110.355996 0.000000 208.617362 99.943166 -0.000000 3.479889 -0.000075 
23 -101.479486 0.000000 104.613275 99.946268 -0.000000 3.491374 -0.000145 
24 -207.397227 0.000000 104.613275 99.940832 -0.000000 3.491372 -0.000036 
25 -101.479486 0.000000 208.617362 99.942956 -0.000000 3.489049 -0.000077 
1 1 12 10 11 
2 12 7 13 10 
3 10 13 5 14 
4 11 10 14 6 
5 7 16 15 13 
6 16 2 17 15 
7 15 17 8 18 
8 13 15 18 5 
9 5 18 19 20 
10 18 8 21 19 
11 19 21 3 22 
12 20 19 22 9 
13 6 14 23 24 
14 14 5 20 23 
15 23 20 9 25 
16 24 23 25 4 
