2 0.000000 100.000000 335.864767
25 16 
1 -207.397227 0.000000 -207.398988 99.999282 -0.000000 0.000159 0.000014 
2 216.273736 0.000000 -207.398988 99.999259 0.000000 -0.004491 0.000015 
3 216.273736 0.000000 208.617362 100.000743 -0.000000 -0.004502 -0.000015 
4 -207.397227 0.000000 208.617362 100.000720 -0.000000 0.000156 -0.000014 
5 4.438255 0.000000 0.609187 99.948811 0.000000 4.411850 -0.000923 
6 -207.397227 0.000000 0.609187 100.000004 -0.000000 0.000938 -0.000000 
7 4.438255 0.000000 -207.398988 99.997718 0.000000 -0.002124 0.000046 
8 216.273736 0.000000 0.609187 100.000047 -0.000004 -1.654871 -0.000275 
9 4.438255 0.000000 208.617362 100.002283 -0.000000 -0.002130 -0.000046 
10 -101.479486 0.000000 -103.394901 99.997184 -0.000000 0.000652 0.000056 
11 -207.397227 0.000000 -103.394901 99.999322 -0.000000 0.000593 0.000014 
12 -101.479486 0.000000 -207.398988 99.998453 -0.000000 -0.000330 0.000031 
13 4.438255 0.000000 -103.394901 99.990950 0.000000 -0.008175 0.000181 
14 -101.479486 0.000000 0.609187 100.000031 -0.000000 0.003671 -0.000001 
15 110.355996 0.000000 -103.394901 99.997003 0.000000 -0.017663 0.000060 
16 110.355996 0.000000 -207.398988 99.998412 0.000000 -0.003966 0.000032 
17 216.273736 0.000000 -103.394901 99.999288 0.000000 -0.017662 0.000014 
18 110.355996 0.000000 0.609187 100.000074 -0.000004 -1.657251 -0.000276 
19 110.355996 0.000000 104.613275 100.003011 -0.000000 -0.017742 -0.000060 
20 4.438255 0.000000 104.613275 100.009052 -0.000000 -0.008221 -0.000181 
21 216.273736 0.000000 104.613275 100.000717 -0.000000 -0.017756 -0.000014 
22 110.355996 0.000000 208.617362 100.001590 -0.000000 -0.003975 -0.000032 
23 -101.479486 0.000000 104.613275 100.002829 -0.000000 0.000636 -0.000057 
24 -207.397227 0.000000 104.613275 100.000683 -0.000000 0.000590 -0.000014 
25 -101.479486 0.000000 208.617362 100.001549 -0.000000 -0.000335 -0.000031 
1 1 12 10 11 
2 12 7 13 10 
3 10 13 5 14 
4 11 10 14 6 
5 7 16 15 13 
6 16 2 17 15 
7 15 17 8 18 
8 13 15 18 5 
9 5 18 19 20 
10 18 8 21 19 
11 19 21 3 22 
12 20 19 22 9 
13 6 14 23 24 
14 14 5 20 23 
15 23 20 9 25 
16 24 23 25 4 
