2 0.000000 100.000000 335.864767
25 16 
1 -207.397227 0.000000 -207.398988 98.475661 -0.000000 17.366381 0.000095 
2 216.273736 0.000000 -207.398988 98.478516 -0.000001 17.338275 0.000137 
3 216.273736 0.000000 208.617362 98.494998 -0.000003 17.311361 -0.000095 
4 -207.397227 0.000000 208.617362 98.487518 -0.000001 17.365772 -0.000136 
5 4.438255 0.000000 0.609187 99.366592 0.000004 4.393791 0.010697 
6 -207.397227 0.000000 0.609187 98.482090 -0.000001 17.372568 -0.000053 
7 4.438255 0.000000 -207.398988 98.464996 -0.000001 17.349951 0.000362 
8 216.273736 0.000000 0.609187 98.643635 -0.000019 16.425864 -0.000038 
9 4.438255 0.000000 208.617362 98.502634 -0.000003 17.344344 -0.000360 
10 -101.479486 0.000000 -103.394901 98.460316 -0.000001 17.371062 0.000381 
11 -207.397227 0.000000 -103.394901 98.476254 -0.000001 17.369903 0.000071 
12 -101.479486 0.000000 -207.398988 98.469599 -0.000000 17.362862 0.000227 
13 4.438255 0.000000 -103.394901 98.418108 0.000006 17.306062 0.001438 
14 -101.479486 0.000000 0.609187 98.485901 -0.000005 17.395766 -0.000209 
15 110.355996 0.000000 -103.394901 98.471610 -0.000002 17.259727 0.000544 
16 110.355996 0.000000 -207.398988 98.471625 -0.000001 17.338634 0.000271 
17 216.273736 0.000000 -103.394901 98.487449 -0.000003 17.283619 0.000150 
18 110.355996 0.000000 0.609187 98.919944 -0.000001 14.811789 -0.000454 
19 110.355996 0.000000 104.613275 98.536020 -0.000016 17.159321 -0.000379 
20 4.438255 0.000000 104.613275 98.566608 -0.000025 17.285205 -0.001415 
21 216.273736 0.000000 104.613275 98.541007 -0.000018 17.043478 -0.000081 
22 110.355996 0.000000 208.617362 98.499311 -0.000003 17.324427 -0.000225 
23 -101.479486 0.000000 104.613275 98.507572 -0.000004 17.368680 -0.000541 
24 -207.397227 0.000000 104.613275 98.487562 -0.000001 17.369422 -0.000150 
25 -101.479486 0.000000 208.617362 98.495124 -0.000002 17.361076 -0.000270 
1 1 12 10 11 
2 12 7 13 10 
3 10 13 5 14 
4 11 10 14 6 
5 7 16 15 13 
6 16 2 17 15 
7 15 17 8 18 
8 13 15 18 5 
9 5 18 19 20 
10 18 8 21 19 
11 19 21 3 22 
12 20 19 22 9 
13 6 14 23 24 
14 14 5 20 23 
15 23 20 9 25 
16 24 23 25 4 
