2 0.000000 100.000000 335.864767
25 16 
1 -207.397227 0.000000 -207.398988 99.448672 -0.000000 10.453783 0.000068 
2 216.273736 0.000000 -207.398988 99.449988 -0.000001 10.433456 0.000084 
3 216.273736 0.000000 208.617362 99.458695 -0.000001 10.423424 -0.000068 
4 -207.397227 0.000000 208.617362 99.456348 -0.000000 10.453538 -0.000084 
5 4.438255 0.000000 0.609187 99.902224 0.000001 4.414483 0.000006 
6 -207.397227 0.000000 0.609187 99.452715 -0.000001 10.457869 -0.000021 
7 4.438255 0.000000 -207.398988 99.441307 -0.000001 10.442541 0.000238 
8 216.273736 0.000000 0.609187 99.587434 0.000013 9.156533 -0.000150 
9 4.438255 0.000000 208.617362 99.465424 -0.000001 10.440330 -0.000237 
10 -101.479486 0.000000 -103.394901 99.438165 -0.000001 10.456609 0.000271 
11 -207.397227 0.000000 -103.394901 99.448977 -0.000000 10.456084 0.000057 
12 -101.479486 0.000000 -207.398988 99.444565 -0.000000 10.451354 0.000155 
13 4.438255 0.000000 -103.394901 99.409044 -0.000002 10.412343 0.000943 
14 -101.479486 0.000000 0.609187 99.454289 -0.000004 10.472881 -0.000084 
15 110.355996 0.000000 -103.394901 99.443320 -0.000002 10.376412 0.000336 
16 110.355996 0.000000 -207.398988 99.445464 -0.000001 10.434428 0.000172 
17 216.273736 0.000000 -103.394901 99.454529 -0.000002 10.388350 0.000088 
18 110.355996 0.000000 0.609187 99.731064 0.000037 7.760385 -0.000651 
19 110.355996 0.000000 104.613275 99.477776 -0.000006 10.338554 -0.000271 
20 4.438255 0.000000 104.613275 99.504343 -0.000011 10.403983 -0.000936 
21 216.273736 0.000000 104.613275 99.470232 -0.000005 10.308497 -0.000059 
22 110.355996 0.000000 208.617362 99.462459 -0.000001 10.428944 -0.000154 
23 -101.479486 0.000000 104.613275 99.468735 -0.000002 10.455627 -0.000335 
24 -207.397227 0.000000 104.613275 99.456301 -0.000001 10.455887 -0.000088 
25 -101.479486 0.000000 208.617362 99.461056 -0.000001 10.450640 -0.000172 
1 1 12 10 11 
2 12 7 13 10 
3 10 13 5 14 
4 11 10 14 6 
5 7 16 15 13 
6 16 2 17 15 
7 15 17 8 18 
8 13 15 18 5 
9 5 18 19 20 
10 18 8 21 19 
11 19 21 3 22 
12 20 19 22 9 
13 6 14 23 24 
14 14 5 20 23 
15 23 20 9 25 
16 24 23 25 4 
