2 0.000000 100.000000 335.864767
25 16 
1 -207.397227 0.000000 -207.398988 99.022465 -0.000000 13.918549 0.000083 
2 216.273736 0.000000 -207.398988 99.024514 -0.000001 13.894115 0.000110 
3 216.273736 0.000000 208.617362 99.036644 -0.000002 13.876817 -0.000082 
4 -207.397227 0.000000 208.617362 99.032227 -0.000001 13.918142 -0.000110 
5 4.438255 0.000000 0.609187 99.684751 0.000002 4.406379 0.004353 
6 -207.397227 0.000000 0.609187 99.027683 -0.000001 13.923696 -0.000035 
7 4.438255 0.000000 -207.398988 99.013400 -0.000001 13.904638 0.000301 
8 216.273736 0.000000 0.609187 99.179519 -0.000004 12.818234 -0.000088 
9 4.438255 0.000000 208.617362 99.044206 -0.000002 13.900923 -0.000299 
10 -101.479486 0.000000 -103.394901 99.009464 -0.000001 13.922273 0.000330 
11 -207.397227 0.000000 -103.394901 99.022902 -0.000001 13.921463 0.000066 
12 -101.479486 0.000000 -207.398988 99.017359 -0.000001 13.915555 0.000192 
13 4.438255 0.000000 -103.394901 98.973608 0.000001 13.867362 0.001192 
14 -101.479486 0.000000 0.609187 99.030256 -0.000005 13.942800 -0.000139 
15 110.355996 0.000000 -103.394901 99.017535 -0.000003 13.825674 0.000438 
16 110.355996 0.000000 -207.398988 99.018788 -0.000001 13.894841 0.000221 
17 216.273736 0.000000 -103.394901 99.031216 -0.000002 13.843464 0.000118 
18 110.355996 0.000000 0.609187 99.393129 0.000024 11.259965 -0.000578 
19 110.355996 0.000000 104.613275 99.065264 -0.000011 13.760785 -0.000329 
20 4.438255 0.000000 104.613275 99.095251 -0.000018 13.853452 -0.001179 
21 216.273736 0.000000 104.613275 99.060791 -0.000010 13.698946 -0.000070 
22 110.355996 0.000000 208.617362 99.040907 -0.000002 13.885531 -0.000191 
23 -101.479486 0.000000 104.613275 99.048364 -0.000004 13.920665 -0.000436 
24 -207.397227 0.000000 104.613275 99.032217 -0.000001 13.921139 -0.000118 
25 -101.479486 0.000000 208.617362 99.038351 -0.000001 13.914364 -0.000220 
1 1 12 10 11 
2 12 7 13 10 
3 10 13 5 14 
4 11 10 14 6 
5 7 16 15 13 
6 16 2 17 15 
7 15 17 8 18 
8 13 15 18 5 
9 5 18 19 20 
10 18 8 21 19 
11 19 21 3 22 
12 20 19 22 9 
13 6 14 23 24 
14 14 5 20 23 
15 23 20 9 25 
16 24 23 25 4 
