2 0.000000 100.000000 335.864767
25 16 
1 -207.397227 0.000000 -207.398988 99.753766 -0.000000 6.976303 0.000052 
2 216.273736 0.000000 -207.398988 99.754460 -0.000000 6.960586 0.000060 
3 216.273736 0.000000 208.617362 99.760397 -0.000001 6.955746 -0.000052 
4 -207.397227 0.000000 208.617362 99.759360 -0.000000 6.976180 -0.000060 
5 4.438255 0.000000 0.609187 100.018777 0.000001 4.418098 -0.002328 
6 -207.397227 0.000000 0.609187 99.756668 -0.000000 6.979308 -0.000010 
7 4.438255 0.000000 -207.398988 99.748210 -0.000000 6.967885 0.000174 
8 216.273736 0.000000 0.609187 99.862198 0.000023 5.456279 -0.000223 
9 4.438255 0.000000 208.617362 99.765746 -0.000001 6.966793 -0.000174 
10 -101.479486 0.000000 -103.394901 99.745904 -0.000001 6.978293 0.000206 
11 -207.397227 0.000000 -103.394901 99.753960 -0.000000 6.977986 0.000046 
12 -101.479486 0.000000 -207.398988 99.750703 -0.000000 6.974480 0.000115 
13 4.438255 0.000000 -103.394901 99.723938 -0.000002 6.945239 0.000690 
14 -101.479486 0.000000 0.609187 99.757483 -0.000002 6.990230 -0.000042 
15 110.355996 0.000000 -103.394901 99.748591 -0.000002 6.916404 0.000238 
16 110.355996 0.000000 -207.398988 99.751161 -0.000000 6.961642 0.000124 
17 216.273736 0.000000 -103.394901 99.757030 -0.000001 6.923064 0.000061 
18 110.355996 0.000000 0.609187 99.937546 0.000031 4.357992 -0.000651 
19 110.355996 0.000000 104.613275 99.772199 -0.000003 6.897989 -0.000207 
20 4.438255 0.000000 104.613275 99.793281 -0.000005 6.941041 -0.000688 
21 216.273736 0.000000 104.613275 99.764987 -0.000002 6.885776 -0.000047 
22 110.355996 0.000000 208.617362 99.763361 -0.000001 6.958963 -0.000116 
23 -101.479486 0.000000 104.613275 99.768161 -0.000001 6.977786 -0.000238 
24 -207.397227 0.000000 104.613275 99.759297 -0.000000 6.977886 -0.000061 
25 -101.479486 0.000000 208.617362 99.762717 -0.000000 6.974123 -0.000124 
1 1 12 10 11 
2 12 7 13 10 
3 10 13 5 14 
4 11 10 14 6 
5 7 16 15 13 
6 16 2 17 15 
7 15 17 8 18 
8 13 15 18 5 
9 5 18 19 20 
10 18 8 21 19 
11 19 21 3 22 
12 20 19 22 9 
13 6 14 23 24 
14 14 5 20 23 
15 23 20 9 25 
16 24 23 25 4 
