2 0.000000 100.000000 335.864767
25 16 
1 -207.377752 0.000000 -207.379644 98.475250 -0.000000 17.366508 0.000103 
2 216.019070 0.000000 -207.379644 98.478316 -0.000001 17.336096 0.000148 
3 216.019070 0.000000 208.496529 98.496158 -0.000003 17.307068 -0.000103 
4 -207.377752 0.000000 208.496529 98.488056 -0.000001 17.365856 -0.000147 
5 4.320659 0.000000 0.558442 99.247569 0.000002 4.104035 0.013308 
6 -207.377752 0.000000 0.558442 98.482184 -0.000001 17.373185 -0.000057 
7 4.320659 0.000000 -207.379644 98.463708 -0.000000 17.348776 0.000392 
8 216.019070 0.000000 0.558442 98.657208 -0.000029 16.347548 -0.000049 
9 4.320659 0.000000 208.496529 98.504411 -0.000003 17.342742 -0.000389 
10 -101.528547 0.000000 -103.410601 98.458710 0.000000 17.371566 0.000411 
11 -207.377752 0.000000 -103.410601 98.475890 -0.000000 17.370308 0.000077 
12 -101.528547 0.000000 -207.379644 98.468704 -0.000000 17.362714 0.000245 
13 4.320659 0.000000 -103.410601 98.413000 0.000011 17.301581 0.001554 
14 -101.528547 0.000000 0.558442 98.486214 -0.000004 17.398149 -0.000223 
15 110.169865 0.000000 -103.410601 98.470741 -0.000001 17.251080 0.000591 
16 110.169865 0.000000 -207.379644 98.470852 -0.000001 17.336509 0.000294 
17 216.019070 0.000000 -103.410601 98.487977 -0.000004 17.276893 0.000163 
18 110.169865 0.000000 0.558442 98.954605 -0.000018 14.609322 -0.000545 
19 110.169865 0.000000 104.527485 98.540514 -0.000014 17.143103 -0.000412 
20 4.320659 0.000000 104.527485 98.573541 -0.000025 17.279251 -0.001532 
21 216.019070 0.000000 104.527485 98.545723 -0.000015 17.018456 -0.000089 
22 110.169865 0.000000 208.496529 98.500836 -0.000003 17.321195 -0.000244 
23 -101.528547 0.000000 104.527485 98.509645 -0.000004 17.369045 -0.000583 
24 -207.377752 0.000000 104.527485 98.488094 -0.000001 17.369797 -0.000161 
25 -101.528547 0.000000 208.496529 98.496271 -0.000001 17.360800 -0.000291 
1 1 12 10 11 
2 12 7 13 10 
3 10 13 5 14 
4 11 10 14 6 
5 7 16 15 13 
6 16 2 17 15 
7 15 17 8 18 
8 13 15 18 5 
9 5 18 19 20 
10 18 8 21 19 
11 19 21 3 22 
12 20 19 22 9 
13 6 14 23 24 
14 14 5 20 23 
15 23 20 9 25 
16 24 23 25 4 
