2 0.000000 100.000000 335.864767
25 16 
1 -207.377752 0.000000 -207.379644 99.998824 -0.000000 0.000257 0.000024 
2 216.019070 0.000000 -207.379644 99.998795 -0.000000 -0.007308 0.000024 
3 216.019070 0.000000 208.496529 100.001209 -0.000000 -0.007343 -0.000024 
4 -207.377752 0.000000 208.496529 100.001180 -0.000000 0.000255 -0.000024 
5 4.320659 0.000000 0.558442 99.920550 0.000000 4.124025 -0.000112 
6 -207.377752 0.000000 0.558442 100.000006 -0.000000 0.001539 -0.000000 
7 4.320659 0.000000 -207.379644 99.996282 -0.000000 -0.003472 0.000074 
8 216.019070 0.000000 0.558442 100.000042 -0.000002 -1.465409 -0.000216 
9 4.320659 0.000000 208.496529 100.003726 -0.000000 -0.003491 -0.000075 
10 -101.528547 0.000000 -103.410601 99.995381 -0.000000 0.001056 0.000092 
11 -207.377752 0.000000 -103.410601 99.998886 -0.000000 0.000970 0.000022 
12 -101.528547 0.000000 -207.379644 99.997470 -0.000000 -0.000546 0.000051 
13 4.320659 0.000000 -103.410601 99.985321 -0.000001 -0.013321 0.000294 
14 -101.528547 0.000000 0.558442 100.000049 -0.000001 0.006042 -0.000001 
15 110.169865 0.000000 -103.410601 99.995151 -0.000001 -0.028528 0.000097 
16 110.169865 0.000000 -207.379644 99.997419 -0.000000 -0.006459 0.000052 
17 216.019070 0.000000 -103.410601 99.998844 -0.000000 -0.028516 0.000023 
18 110.169865 0.000000 0.558442 100.000075 -0.000002 -1.470002 -0.000218 
19 110.169865 0.000000 104.527485 100.004875 -0.000001 -0.028789 -0.000098 
20 4.320659 0.000000 104.527485 100.014739 -0.000001 -0.013470 -0.000295 
21 216.019070 0.000000 104.527485 100.001164 -0.000001 -0.028796 -0.000023 
22 110.169865 0.000000 208.496529 100.002587 -0.000000 -0.006489 -0.000052 
23 -101.528547 0.000000 104.527485 100.004649 -0.000000 0.001032 -0.000093 
24 -207.377752 0.000000 104.527485 100.001122 -0.000000 0.000966 -0.000022 
25 -101.528547 0.000000 208.496529 100.002536 -0.000000 -0.000554 -0.000051 
1 1 12 10 11 
2 12 7 13 10 
3 10 13 5 14 
4 11 10 14 6 
5 7 16 15 13 
6 16 2 17 15 
7 15 17 8 18 
8 13 15 18 5 
9 5 18 19 20 
10 18 8 21 19 
11 19 21 3 22 
12 20 19 22 9 
13 6 14 23 24 
14 14 5 20 23 
15 23 20 9 25 
16 24 23 25 4 
