2 0.000000 100.000000 335.864767
25 16 
1 -207.377752 0.000000 -207.379644 99.448242 -0.000000 10.453898 0.000076 
2 216.019070 0.000000 -207.379644 99.449703 -0.000001 10.431051 0.000095 
3 216.019070 0.000000 208.496529 99.459506 -0.000001 10.419818 -0.000077 
4 -207.377752 0.000000 208.496529 99.456853 -0.000000 10.453628 -0.000094 
5 4.320659 0.000000 0.558442 99.817525 0.000001 4.124538 0.001945 
6 -207.377752 0.000000 0.558442 99.452771 -0.000001 10.458480 -0.000023 
7 4.320659 0.000000 -207.379644 99.439961 -0.000001 10.441296 0.000267 
8 216.019070 0.000000 0.558442 99.602146 0.000007 9.015314 -0.000186 
9 4.320659 0.000000 208.496529 99.467058 -0.000002 10.438829 -0.000266 
10 -101.528547 0.000000 -103.410601 99.436478 -0.000001 10.457073 0.000304 
11 -207.377752 0.000000 -103.410601 99.448584 -0.000001 10.456477 0.000064 
12 -101.528547 0.000000 -207.379644 99.443634 -0.000001 10.451179 0.000174 
13 4.320659 0.000000 -103.410601 99.403732 -0.000000 10.407596 0.001058 
14 -101.528547 0.000000 0.558442 99.454481 -0.000004 10.475259 -0.000092 
15 110.169865 0.000000 -103.410601 99.442129 -0.000003 10.366959 0.000379 
16 110.169865 0.000000 -207.379644 99.444612 -0.000001 10.432162 0.000194 
17 216.019070 0.000000 -103.410601 99.454800 -0.000002 10.380328 0.000099 
18 110.169865 0.000000 0.558442 99.754054 0.000033 7.535963 -0.000766 
19 110.169865 0.000000 104.527485 99.480969 -0.000008 10.324753 -0.000306 
20 4.320659 0.000000 104.527485 99.510743 -0.000015 10.398331 -0.001051 
21 216.019070 0.000000 104.527485 99.472419 -0.000007 10.291159 -0.000067 
22 110.169865 0.000000 208.496529 99.463743 -0.000002 10.426026 -0.000174 
23 -101.528547 0.000000 104.527485 99.470703 -0.000003 10.456005 -0.000375 
24 -207.377752 0.000000 104.527485 99.456795 -0.000001 10.456263 -0.000099 
25 -101.528547 0.000000 208.496529 99.462137 -0.000001 10.450387 -0.000193 
1 1 12 10 11 
2 12 7 13 10 
3 10 13 5 14 
4 11 10 14 6 
5 7 16 15 13 
6 16 2 17 15 
7 15 17 8 18 
8 13 15 18 5 
9 5 18 19 20 
10 18 8 21 19 
11 19 21 3 22 
12 20 19 22 9 
13 6 14 23 24 
14 14 5 20 23 
15 23 20 9 25 
16 24 23 25 4 
