2 0.000000 100.000000 335.864767
25 16 
1 -207.377752 0.000000 -207.379644 99.753326 -0.000000 6.976413 0.000060 
2 216.019070 0.000000 -207.379644 99.754123 -0.000001 6.958054 0.000070 
3 216.019070 0.000000 208.496529 99.761073 -0.000001 6.952424 -0.000061 
4 -207.377752 0.000000 208.496529 99.759850 -0.000000 6.976273 -0.000070 
5 4.320659 0.000000 0.558442 99.952238 0.000000 4.128539 -0.000749 
6 -207.377752 0.000000 0.558442 99.756706 -0.000001 6.979916 -0.000012 
7 4.320659 0.000000 -207.379644 99.746834 -0.000001 6.966606 0.000204 
8 216.019070 0.000000 0.558442 99.874359 0.000020 5.281213 -0.000278 
9 4.320659 0.000000 208.496529 99.767313 -0.000001 6.965340 -0.000203 
10 -101.528547 0.000000 -103.410601 99.744179 -0.000001 6.978736 0.000240 
11 -207.377752 0.000000 -103.410601 99.753553 -0.000000 6.978375 0.000053 
12 -101.528547 0.000000 -207.379644 99.749754 -0.000000 6.974291 0.000135 
13 4.320659 0.000000 -103.410601 99.718522 -0.000002 6.940363 0.000805 
14 -101.528547 0.000000 0.558442 99.757616 -0.000003 6.992604 -0.000048 
15 110.169865 0.000000 -103.410601 99.747205 -0.000003 6.906511 0.000280 
16 110.169865 0.000000 -207.379644 99.750266 -0.000001 6.959303 0.000145 
17 216.019070 0.000000 -103.410601 99.757117 -0.000002 6.914243 0.000071 
18 110.169865 0.000000 0.558442 99.949513 0.000034 4.181250 -0.000739 
19 110.169865 0.000000 104.527485 99.774882 -0.000005 6.885206 -0.000243 
20 4.320659 0.000000 104.527485 99.799431 -0.000009 6.935532 -0.000803 
21 216.019070 0.000000 104.527485 99.766413 -0.000003 6.871023 -0.000055 
22 110.169865 0.000000 208.496529 99.764540 -0.000001 6.956188 -0.000135 
23 -101.528547 0.000000 104.527485 99.770078 -0.000002 6.978170 -0.000276 
24 -207.377752 0.000000 104.527485 99.759771 -0.000001 6.978262 -0.000071 
25 -101.528547 0.000000 208.496529 99.763765 -0.000001 6.973882 -0.000144 
1 1 12 10 11 
2 12 7 13 10 
3 10 13 5 14 
4 11 10 14 6 
5 7 16 15 13 
6 16 2 17 15 
7 15 17 8 18 
8 13 15 18 5 
9 5 18 19 20 
10 18 8 21 19 
11 19 21 3 22 
12 20 19 22 9 
13 6 14 23 24 
14 14 5 20 23 
15 23 20 9 25 
16 24 23 25 4 
