2 0.000000 100.000000 291.862339
25 16 
1 -207.393964 0.000000 -207.395856 99.913223 -0.000000 4.118313 0.000039 
2 216.032727 0.000000 -207.395856 99.913542 -0.000000 4.105941 0.000043 
3 216.032727 0.000000 208.592153 99.917721 -0.000000 4.103815 -0.000039 
4 -207.393964 0.000000 208.592153 99.917276 -0.000000 4.118262 -0.000042 
5 4.319381 0.000000 0.598148 99.991338 0.000001 4.158969 -0.001556 
6 -207.393964 0.000000 0.598148 99.915294 -0.000000 4.120323 -0.000004 
7 4.319381 0.000000 -207.395856 99.908646 -0.000000 4.111890 0.000135 
8 216.032727 0.000000 0.598148 99.991751 0.000032 2.256666 -0.000344 
9 4.319381 0.000000 208.592153 99.922223 -0.000000 4.111417 -0.000135 
10 -101.537291 0.000000 -103.398854 99.907419 -0.000000 4.119837 0.000153 
11 -207.393964 0.000000 -103.398854 99.913411 -0.000000 4.119460 0.000034 
12 -101.537291 0.000000 -207.395856 99.910795 -0.000000 4.117016 0.000088 
13 4.319381 0.000000 -103.398854 99.889294 -0.000002 4.094742 0.000536 
14 -101.537291 0.000000 0.598148 99.915659 -0.000001 4.127770 -0.000018 
15 110.176054 0.000000 -103.398854 99.908582 -0.000001 4.071164 0.000170 
16 110.176054 0.000000 -207.395856 99.910984 -0.000000 4.106893 0.000093 
17 216.032727 0.000000 -103.398854 99.914913 -0.000001 4.074673 0.000041 
18 110.176054 0.000000 0.598148 100.026706 0.000030 1.395482 -0.000729 
19 110.176054 0.000000 104.595150 99.925301 -0.000002 4.062985 -0.000157 
20 4.319381 0.000000 104.595150 99.943024 -0.000002 4.092883 -0.000536 
21 216.032727 0.000000 104.595150 99.919367 -0.000002 4.058491 -0.000035 
22 110.176054 0.000000 208.592153 99.920140 -0.000000 4.105715 -0.000089 
23 -101.537291 0.000000 104.595150 99.923491 -0.000001 4.119618 -0.000168 
24 -207.393964 0.000000 104.595150 99.917144 -0.000000 4.119419 -0.000041 
25 -101.537291 0.000000 208.592153 99.919833 -0.000000 4.116865 -0.000092 
1 1 12 10 11 
2 12 7 13 10 
3 10 13 5 14 
4 11 10 14 6 
5 7 16 15 13 
6 16 2 17 15 
7 15 17 8 18 
8 13 15 18 5 
9 5 18 19 20 
10 18 8 21 19 
11 19 21 3 22 
12 20 19 22 9 
13 6 14 23 24 
14 14 5 20 23 
15 23 20 9 25 
16 24 23 25 4 
