2 0.000000 100.000000 335.864767
25 16 
1 -207.393964 0.000000 -207.395856 99.913227 -0.000000 4.118273 0.000039 
2 216.032727 0.000000 -207.395856 99.913531 -0.000000 4.106286 0.000042 
3 216.032727 0.000000 208.592153 99.917701 -0.000000 4.104204 -0.000039 
4 -207.393964 0.000000 208.592153 99.917276 -0.000000 4.118217 -0.000042 
5 4.319381 0.000000 0.598148 99.988456 0.000001 4.158772 -0.001499 
6 -207.393964 0.000000 0.598148 99.915300 -0.000000 4.120461 -0.000005 
7 4.319381 0.000000 -207.395856 99.909076 -0.000000 4.112052 0.000127 
8 216.032727 0.000000 0.598148 99.989736 0.000030 2.305135 -0.000326 
9 4.319381 0.000000 208.592153 99.921782 -0.000000 4.111571 -0.000127 
10 -101.537291 0.000000 -103.398854 99.907435 -0.000000 4.119680 0.000153 
11 -207.393964 0.000000 -103.398854 99.913353 -0.000000 4.119494 0.000035 
12 -101.537291 0.000000 -207.395856 99.910967 -0.000000 4.116926 0.000085 
13 4.319381 0.000000 -103.398854 99.890997 -0.000001 4.095367 0.000502 
14 -101.537291 0.000000 0.598148 99.915688 -0.000001 4.128317 -0.000019 
15 110.176054 0.000000 -103.398854 99.908547 -0.000001 4.072529 0.000170 
16 110.176054 0.000000 -207.395856 99.911147 -0.000000 4.107303 0.000089 
17 216.032727 0.000000 -103.398854 99.914802 -0.000001 4.075742 0.000042 
18 110.176054 0.000000 0.598148 100.023959 0.000028 1.461044 -0.000693 
19 110.176054 0.000000 104.595150 99.925223 -0.000002 4.064496 -0.000157 
20 4.319381 0.000000 104.595150 99.941285 -0.000002 4.093467 -0.000502 
21 216.032727 0.000000 104.595150 99.919365 -0.000002 4.059926 -0.000036 
22 110.176054 0.000000 208.592153 99.919951 -0.000000 4.106138 -0.000086 
23 -101.537291 0.000000 104.595150 99.923490 -0.000001 4.119440 -0.000167 
24 -207.393964 0.000000 104.595150 99.917210 -0.000000 4.119448 -0.000042 
25 -101.537291 0.000000 208.592153 99.919662 -0.000000 4.116766 -0.000089 
1 1 12 10 11 
2 12 7 13 10 
3 10 13 5 14 
4 11 10 14 6 
5 7 16 15 13 
6 16 2 17 15 
7 15 17 8 18 
8 13 15 18 5 
9 5 18 19 20 
10 18 8 21 19 
11 19 21 3 22 
12 20 19 22 9 
13 6 14 23 24 
14 14 5 20 23 
15 23 20 9 25 
16 24 23 25 4 
