2 0.000000 100.000000 335.864767
25 16 
1 -207.393964 0.000000 -207.395856 98.475587 -0.000000 17.366406 0.000097 
2 216.032727 0.000000 -207.395856 98.478469 -0.000001 17.337862 0.000139 
3 216.032727 0.000000 208.592153 98.495225 -0.000002 17.310560 -0.000096 
4 -207.393964 0.000000 208.592153 98.487617 -0.000001 17.365788 -0.000138 
5 4.319381 0.000000 0.598148 99.269920 0.000002 4.135045 0.012838 
6 -207.393964 0.000000 0.598148 98.482110 -0.000001 17.372679 -0.000054 
7 4.319381 0.000000 -207.395856 98.464752 -0.000000 17.349753 0.000368 
8 216.032727 0.000000 0.598148 98.647568 -0.000016 16.403306 -0.000041 
9 4.319381 0.000000 208.592153 98.502967 -0.000002 17.344067 -0.000365 
10 -101.537291 0.000000 -103.398854 98.460050 -0.000001 17.371168 0.000386 
11 -207.393964 0.000000 -103.398854 98.476190 -0.000000 17.369978 0.000072 
12 -101.537291 0.000000 -207.395856 98.469439 -0.000000 17.362843 0.000230 
13 4.319381 0.000000 -103.398854 98.417114 0.000006 17.305375 0.001460 
14 -101.537291 0.000000 0.598148 98.485970 -0.000004 17.396155 -0.000211 
15 110.176054 0.000000 -103.398854 98.471390 -0.000002 17.258035 0.000555 
16 110.176054 0.000000 -207.395856 98.471465 -0.000001 17.338244 0.000276 
17 216.032727 0.000000 -103.398854 98.487543 -0.000003 17.282294 0.000153 
18 110.176054 0.000000 0.598148 98.937377 -0.000000 14.711784 -0.000504 
19 110.176054 0.000000 104.595150 98.536958 -0.000012 17.156122 -0.000386 
20 4.319381 0.000000 104.595150 98.567942 -0.000021 17.284229 -0.001438 
21 216.032727 0.000000 104.595150 98.541979 -0.000013 17.038362 -0.000083 
22 110.176054 0.000000 208.592153 98.499611 -0.000002 17.323835 -0.000229 
23 -101.537291 0.000000 104.595150 98.507930 -0.000004 17.368754 -0.000549 
24 -207.393964 0.000000 104.595150 98.487659 -0.000001 17.369490 -0.000152 
25 -101.537291 0.000000 208.592153 98.495332 -0.000001 17.361031 -0.000274 
1 1 12 10 11 
2 12 7 13 10 
3 10 13 5 14 
4 11 10 14 6 
5 7 16 15 13 
6 16 2 17 15 
7 15 17 8 18 
8 13 15 18 5 
9 5 18 19 20 
10 18 8 21 19 
11 19 21 3 22 
12 20 19 22 9 
13 6 14 23 24 
14 14 5 20 23 
15 23 20 9 25 
16 24 23 25 4 
