2 0.000000 100.000000 335.864767
25 16 
1 -207.393964 0.000000 -207.395856 99.999213 0.000000 0.000173 0.000016 
2 216.032727 0.000000 -207.395856 99.999187 0.000000 -0.004917 0.000016 
3 216.032727 0.000000 208.592153 100.000815 -0.000000 -0.004929 -0.000016 
4 -207.393964 0.000000 208.592153 100.000789 0.000000 0.000171 -0.000016 
5 4.319381 0.000000 0.598148 99.913030 0.000001 4.153645 0.000013 
6 -207.393964 0.000000 0.598148 100.000004 0.000000 0.001028 -0.000000 
7 4.319381 0.000000 -207.395856 99.997501 0.000000 -0.002324 0.000050 
8 216.032727 0.000000 0.598148 100.000055 -0.000005 -1.809369 -0.000328 
9 4.319381 0.000000 208.592153 100.002499 0.000000 -0.002331 -0.000050 
10 -101.537291 0.000000 -103.398854 99.996918 0.000000 0.000714 0.000062 
11 -207.393964 0.000000 -103.398854 99.999257 0.000000 0.000649 0.000015 
12 -101.537291 0.000000 -207.395856 99.998306 0.000000 -0.000362 0.000034 
13 4.319381 0.000000 -103.398854 99.990092 0.000000 -0.008935 0.000198 
14 -101.537291 0.000000 0.598148 100.000033 0.000000 0.004019 -0.000001 
15 110.176054 0.000000 -103.398854 99.996712 0.000000 -0.019336 0.000066 
16 110.176054 0.000000 -207.395856 99.998260 0.000000 -0.004341 0.000035 
17 216.032727 0.000000 -103.398854 99.999219 0.000000 -0.019337 0.000016 
18 110.176054 0.000000 0.598148 100.000084 -0.000005 -1.811752 -0.000330 
19 110.176054 0.000000 104.595150 100.003303 -0.000000 -0.019422 -0.000066 
20 4.319381 0.000000 104.595150 100.009910 0.000000 -0.008987 -0.000198 
21 216.032727 0.000000 104.595150 100.000787 -0.000000 -0.019439 -0.000016 
22 110.176054 0.000000 208.592153 100.001742 -0.000000 -0.004350 -0.000035 
23 -101.537291 0.000000 104.595150 100.003097 0.000000 0.000696 -0.000062 
24 -207.393964 0.000000 104.595150 100.000748 0.000000 0.000646 -0.000015 
25 -101.537291 0.000000 208.592153 100.001696 0.000000 -0.000367 -0.000034 
1 1 12 10 11 
2 12 7 13 10 
3 10 13 5 14 
4 11 10 14 6 
5 7 16 15 13 
6 16 2 17 15 
7 15 17 8 18 
8 13 15 18 5 
9 5 18 19 20 
10 18 8 21 19 
11 19 21 3 22 
12 20 19 22 9 
13 6 14 23 24 
14 14 5 20 23 
15 23 20 9 25 
16 24 23 25 4 
