2 0.000000 100.000000 335.864767
25 16 
1 -207.395653 0.000000 -207.397478 99.448636 -0.000000 10.453793 0.000069 
2 216.157506 0.000000 -207.397478 99.449961 -0.000001 10.433247 0.000085 
3 216.157506 0.000000 208.605205 99.458768 -0.000001 10.423114 -0.000069 
4 -207.395653 0.000000 208.605205 99.456390 -0.000000 10.453546 -0.000085 
5 4.380926 0.000000 0.603863 99.898177 0.000001 4.409844 0.000091 
6 -207.395653 0.000000 0.603863 99.452720 -0.000001 10.457920 -0.000021 
7 4.380926 0.000000 -207.397478 99.441190 -0.000001 10.442440 0.000241 
8 216.157506 0.000000 0.603863 99.589933 0.000012 9.132654 -0.000156 
9 4.380926 0.000000 208.605205 99.465565 -0.000001 10.440208 -0.000240 
10 -101.507364 0.000000 -103.396807 99.438030 -0.000001 10.456653 0.000274 
11 -207.395653 0.000000 -103.396807 99.448945 -0.000000 10.456117 0.000058 
12 -101.507364 0.000000 -207.397478 99.444487 -0.000001 10.451342 0.000156 
13 4.380926 0.000000 -103.396807 99.408573 -0.000002 10.411979 0.000953 
14 -101.507364 0.000000 0.603863 99.454307 -0.000004 10.473068 -0.000084 
15 110.269216 0.000000 -103.396807 99.443198 -0.000003 10.375566 0.000340 
16 110.269216 0.000000 -207.397478 99.445385 -0.000001 10.434235 0.000174 
17 216.157506 0.000000 -103.396807 99.454551 -0.000002 10.387629 0.000089 
18 110.269216 0.000000 0.603863 99.738901 0.000037 7.685363 -0.000691 
19 110.269216 0.000000 104.604534 99.478077 -0.000007 10.337327 -0.000275 
20 4.380926 0.000000 104.604534 99.504904 -0.000011 10.403545 -0.000946 
21 216.157506 0.000000 104.604534 99.470432 -0.000005 10.306935 -0.000060 
22 110.269216 0.000000 208.605205 99.462575 -0.000001 10.428697 -0.000156 
23 -101.507364 0.000000 104.604534 99.468894 -0.000002 10.455662 -0.000338 
24 -207.395653 0.000000 104.604534 99.456343 -0.000001 10.455919 -0.000089 
25 -101.507364 0.000000 208.605205 99.461147 -0.000001 10.450620 -0.000174 
1 1 12 10 11 
2 12 7 13 10 
3 10 13 5 14 
4 11 10 14 6 
5 7 16 15 13 
6 16 2 17 15 
7 15 17 8 18 
8 13 15 18 5 
9 5 18 19 20 
10 18 8 21 19 
11 19 21 3 22 
12 20 19 22 9 
13 6 14 23 24 
14 14 5 20 23 
15 23 20 9 25 
16 24 23 25 4 
