2 0.000000 100.000000 335.864767
25 16 
1 -207.395653 0.000000 -207.397478 98.475623 -0.000000 17.366394 0.000096 
2 216.157506 0.000000 -207.397478 98.478492 -0.000001 17.338064 0.000138 
3 216.157506 0.000000 208.605205 98.495114 -0.000003 17.310950 -0.000096 
4 -207.395653 0.000000 208.605205 98.487569 -0.000001 17.365780 -0.000137 
5 4.380926 0.000000 0.603863 99.364541 0.000006 4.389232 0.010742 
6 -207.395653 0.000000 0.603863 98.482100 -0.000001 17.372625 -0.000053 
7 4.380926 0.000000 -207.397478 98.464872 -0.000001 17.349849 0.000365 
8 216.157506 0.000000 0.603863 98.645576 -0.000019 16.414724 -0.000039 
9 4.380926 0.000000 208.605205 98.502805 -0.000003 17.344201 -0.000362 
10 -101.507364 0.000000 -103.396807 98.460179 -0.000001 17.371116 0.000384 
11 -207.395653 0.000000 -103.396807 98.476221 -0.000001 17.369941 0.000072 
12 -101.507364 0.000000 -207.397478 98.469517 -0.000001 17.362852 0.000229 
13 4.380926 0.000000 -103.396807 98.417602 0.000005 17.305708 0.001449 
14 -101.507364 0.000000 0.603863 98.485937 -0.000005 17.395967 -0.000210 
15 110.269216 0.000000 -103.396807 98.471499 -0.000003 17.258867 0.000550 
16 110.269216 0.000000 -207.397478 98.471544 -0.000001 17.338435 0.000273 
17 216.157506 0.000000 -103.396807 98.487497 -0.000004 17.282945 0.000151 
18 110.269216 0.000000 0.603863 98.928391 -0.000000 14.763300 -0.000478 
19 110.269216 0.000000 104.604534 98.536498 -0.000017 17.157686 -0.000383 
20 4.380926 0.000000 104.604534 98.567290 -0.000024 17.284701 -0.001427 
21 216.157506 0.000000 104.604534 98.541503 -0.000020 17.040869 -0.000082 
22 110.269216 0.000000 208.605205 98.499464 -0.000003 17.324123 -0.000227 
23 -101.507364 0.000000 104.604534 98.507756 -0.000004 17.368718 -0.000545 
24 -207.395653 0.000000 104.604534 98.487612 -0.000001 17.369457 -0.000151 
25 -101.507364 0.000000 208.605205 98.495231 -0.000002 17.361053 -0.000272 
1 1 12 10 11 
2 12 7 13 10 
3 10 13 5 14 
4 11 10 14 6 
5 7 16 15 13 
6 16 2 17 15 
7 15 17 8 18 
8 13 15 18 5 
9 5 18 19 20 
10 18 8 21 19 
11 19 21 3 22 
12 20 19 22 9 
13 6 14 23 24 
14 14 5 20 23 
15 23 20 9 25 
16 24 23 25 4 
