2 0.000000 100.000000 335.864767
25 16 
1 -207.395653 0.000000 -207.397478 99.753731 -0.000000 6.976312 0.000052 
2 216.157506 0.000000 -207.397478 99.754430 -0.000000 6.960377 0.000061 
3 216.157506 0.000000 208.605205 99.760454 -0.000001 6.955476 -0.000053 
4 -207.395653 0.000000 208.605205 99.759399 -0.000000 6.976188 -0.000060 
5 4.380926 0.000000 0.603863 100.014865 0.000001 4.413476 -0.002245 
6 -207.395653 0.000000 0.603863 99.756671 -0.000000 6.979357 -0.000010 
7 4.380926 0.000000 -207.397478 99.748097 -0.000000 6.967786 0.000177 
8 216.157506 0.000000 0.603863 99.864854 0.000022 5.418226 -0.000235 
9 4.380926 0.000000 208.605205 99.765873 -0.000001 6.966680 -0.000176 
10 -101.507364 0.000000 -103.396807 99.745771 -0.000001 6.978331 0.000208 
11 -207.395653 0.000000 -103.396807 99.753928 -0.000000 6.978018 0.000046 
12 -101.507364 0.000000 -207.397478 99.750627 -0.000000 6.974467 0.000117 
13 4.380926 0.000000 -103.396807 99.723485 -0.000002 6.944873 0.000700 
14 -101.507364 0.000000 0.603863 99.757494 -0.000002 6.990410 -0.000042 
15 110.269216 0.000000 -103.396807 99.748462 -0.000002 6.915569 0.000242 
16 110.269216 0.000000 -207.397478 99.751084 -0.000000 6.961453 0.000126 
17 216.157506 0.000000 -103.396807 99.757035 -0.000001 6.922316 0.000062 
18 110.269216 0.000000 0.603863 99.943800 0.000029 4.268190 -0.000698 
19 110.269216 0.000000 104.604534 99.772436 -0.000003 6.896923 -0.000211 
20 4.380926 0.000000 104.604534 99.793788 -0.000005 6.940630 -0.000697 
21 216.157506 0.000000 104.604534 99.765109 -0.000002 6.884534 -0.000047 
22 110.269216 0.000000 208.605205 99.763460 -0.000001 6.958740 -0.000117 
23 -101.507364 0.000000 104.604534 99.768309 -0.000001 6.977819 -0.000241 
24 -207.395653 0.000000 104.604534 99.759334 -0.000000 6.977917 -0.000062 
25 -101.507364 0.000000 208.605205 99.762800 -0.000000 6.974105 -0.000125 
1 1 12 10 11 
2 12 7 13 10 
3 10 13 5 14 
4 11 10 14 6 
5 7 16 15 13 
6 16 2 17 15 
7 15 17 8 18 
8 13 15 18 5 
9 5 18 19 20 
10 18 8 21 19 
11 19 21 3 22 
12 20 19 22 9 
13 6 14 23 24 
14 14 5 20 23 
15 23 20 9 25 
16 24 23 25 4 
