2 0.000000 100.000000 335.864767
25 16 
1 -207.395653 0.000000 -207.397478 99.022428 -0.000000 13.918560 0.000083 
2 216.157506 0.000000 -207.397478 99.024488 -0.000001 13.893905 0.000111 
3 216.157506 0.000000 208.605205 99.036736 -0.000002 13.876461 -0.000083 
4 -207.395653 0.000000 208.605205 99.032274 -0.000001 13.918150 -0.000111 
5 4.380926 0.000000 0.603863 99.681323 0.000003 4.401760 0.004426 
6 -207.395653 0.000000 0.603863 99.027691 -0.000001 13.923750 -0.000035 
7 4.380926 0.000000 -207.397478 99.013279 -0.000001 13.904537 0.000303 
8 216.157506 0.000000 0.603863 99.181726 -0.000002 12.802409 -0.000092 
9 4.380926 0.000000 208.605205 99.044361 -0.000002 13.900791 -0.000302 
10 -101.507364 0.000000 -103.396807 99.009328 -0.000001 13.922321 0.000332 
11 -207.395653 0.000000 -103.396807 99.022870 -0.000001 13.921499 0.000066 
12 -101.507364 0.000000 -207.397478 99.017279 -0.000001 13.915544 0.000194 
13 4.380926 0.000000 -103.396807 98.973119 0.000000 13.867003 0.001203 
14 -101.507364 0.000000 0.603863 99.030282 -0.000005 13.942993 -0.000140 
15 110.269216 0.000000 -103.396807 99.017418 -0.000003 13.824820 0.000443 
16 110.269216 0.000000 -207.397478 99.018708 -0.000001 13.894644 0.000223 
17 216.157506 0.000000 -103.396807 99.031251 -0.000003 13.842767 0.000119 
18 110.269216 0.000000 0.603863 99.401574 0.000028 11.199347 -0.000610 
19 110.269216 0.000000 104.604534 99.065644 -0.000011 13.759372 -0.000332 
20 4.380926 0.000000 104.604534 99.095869 -0.000018 13.852983 -0.001190 
21 216.157506 0.000000 104.604534 99.061108 -0.000011 13.696950 -0.000071 
22 110.269216 0.000000 208.605205 99.041040 -0.000002 13.885257 -0.000193 
23 -101.507364 0.000000 104.604534 99.048536 -0.000004 13.920701 -0.000440 
24 -207.395653 0.000000 104.604534 99.032262 -0.000001 13.921173 -0.000119 
25 -101.507364 0.000000 208.605205 99.038449 -0.000001 13.914343 -0.000222 
1 1 12 10 11 
2 12 7 13 10 
3 10 13 5 14 
4 11 10 14 6 
5 7 16 15 13 
6 16 2 17 15 
7 15 17 8 18 
8 13 15 18 5 
9 5 18 19 20 
10 18 8 21 19 
11 19 21 3 22 
12 20 19 22 9 
13 6 14 23 24 
14 14 5 20 23 
15 23 20 9 25 
16 24 23 25 4 
