2 0.000000 100.000000 335.864767
25 16 
1 -207.395653 0.000000 -207.397478 99.999249 0.000000 0.000166 0.000015 
2 216.157506 0.000000 -207.397478 99.999224 0.000000 -0.004696 0.000016 
3 216.157506 0.000000 208.605205 100.000777 -0.000000 -0.004708 -0.000016 
4 -207.395653 0.000000 208.605205 100.000753 0.000000 0.000164 -0.000015 
5 4.380926 0.000000 0.603863 99.947421 0.000000 4.407376 -0.000891 
6 -207.395653 0.000000 0.603863 100.000004 0.000000 0.000981 -0.000000 
7 4.380926 0.000000 -207.397478 99.997614 0.000000 -0.002220 0.000048 
8 216.157506 0.000000 0.603863 100.000051 -0.000005 -1.728947 -0.000300 
9 4.380926 0.000000 208.605205 100.002387 0.000000 -0.002227 -0.000048 
10 -101.507364 0.000000 -103.396807 99.997056 0.000000 0.000682 0.000059 
11 -207.395653 0.000000 -103.396807 99.999290 0.000000 0.000620 0.000014 
12 -101.507364 0.000000 -207.397478 99.998382 0.000000 -0.000345 0.000032 
13 4.380926 0.000000 -103.396807 99.990537 0.000000 -0.008542 0.000189 
14 -101.507364 0.000000 0.603863 100.000032 0.000000 0.003839 -0.000001 
15 110.269216 0.000000 -103.396807 99.996863 0.000000 -0.018468 0.000063 
16 110.269216 0.000000 -207.397478 99.998339 0.000000 -0.004147 0.000033 
17 216.157506 0.000000 -103.396807 99.999255 0.000000 -0.018468 0.000015 
18 110.269216 0.000000 0.603863 100.000079 -0.000005 -1.731332 -0.000301 
19 110.269216 0.000000 104.604534 100.003151 -0.000000 -0.018551 -0.000063 
20 4.380926 0.000000 104.604534 100.009465 0.000000 -0.008591 -0.000189 
21 216.157506 0.000000 104.604534 100.000750 -0.000000 -0.018565 -0.000015 
22 110.269216 0.000000 208.605205 100.001663 -0.000000 -0.004156 -0.000033 
23 -101.507364 0.000000 104.604534 100.002958 0.000000 0.000665 -0.000059 
24 -207.395653 0.000000 104.604534 100.000715 0.000000 0.000617 -0.000014 
25 -101.507364 0.000000 208.605205 100.001619 0.000000 -0.000350 -0.000032 
1 1 12 10 11 
2 12 7 13 10 
3 10 13 5 14 
4 11 10 14 6 
5 7 16 15 13 
6 16 2 17 15 
7 15 17 8 18 
8 13 15 18 5 
9 5 18 19 20 
10 18 8 21 19 
11 19 21 3 22 
12 20 19 22 9 
13 6 14 23 24 
14 14 5 20 23 
15 23 20 9 25 
16 24 23 25 4 
