2 0.000000 100.000000 335.864767
25 16 
1 -207.395653 0.000000 -207.397478 99.937342 -0.000000 3.490354 0.000035 
2 216.157506 0.000000 -207.397478 99.937572 -0.000000 3.479614 0.000037 
3 216.157506 0.000000 208.605205 99.941244 -0.000000 3.478049 -0.000035 
4 -207.395653 0.000000 208.605205 99.940928 -0.000000 3.490312 -0.000037 
5 4.380926 0.000000 0.603863 100.031284 0.000001 4.412653 -0.002573 
6 -207.395653 0.000000 0.603863 99.939173 -0.000000 3.492295 -0.000003 
7 4.380926 0.000000 -207.397478 99.933641 -0.000000 3.484815 0.000112 
8 216.157506 0.000000 0.603863 100.001711 0.000026 1.693743 -0.000321 
9 4.380926 0.000000 208.605205 99.944895 -0.000000 3.484451 -0.000112 
10 -101.507364 0.000000 -103.396807 99.932186 -0.000000 3.491592 0.000137 
11 -207.395653 0.000000 -103.396807 99.937451 -0.000000 3.491437 0.000032 
12 -101.507364 0.000000 -207.397478 99.935332 -0.000000 3.489155 0.000076 
13 4.380926 0.000000 -103.396807 99.917531 -0.000001 3.469943 0.000445 
14 -101.507364 0.000000 0.603863 99.939475 -0.000001 3.499252 -0.000014 
15 110.269216 0.000000 -103.396807 99.933018 -0.000001 3.449358 0.000149 
16 110.269216 0.000000 -207.397478 99.935465 -0.000000 3.480565 0.000079 
17 216.157506 0.000000 -103.396807 99.938564 -0.000001 3.451843 0.000037 
18 110.269216 0.000000 0.603863 100.026042 0.000023 0.985189 -0.000618 
19 110.269216 0.000000 104.604534 99.947703 -0.000001 3.443305 -0.000140 
20 4.380926 0.000000 104.604534 99.962073 -0.000002 3.468497 -0.000445 
21 216.157506 0.000000 104.604534 99.942441 -0.000001 3.439980 -0.000033 
22 110.269216 0.000000 208.605205 99.943252 -0.000000 3.479688 -0.000076 
23 -101.507364 0.000000 104.604534 99.946406 -0.000000 3.491405 -0.000147 
24 -207.395653 0.000000 104.604534 99.940866 -0.000000 3.491401 -0.000037 
25 -101.507364 0.000000 208.605205 99.943033 -0.000000 3.489033 -0.000078 
1 1 12 10 11 
2 12 7 13 10 
3 10 13 5 14 
4 11 10 14 6 
5 7 16 15 13 
6 16 2 17 15 
7 15 17 8 18 
8 13 15 18 5 
9 5 18 19 20 
10 18 8 21 19 
11 19 21 3 22 
12 20 19 22 9 
13 6 14 23 24 
14 14 5 20 23 
15 23 20 9 25 
16 24 23 25 4 
