2 0.000000 100.000000 335.864767
25 16 
1 -207.392145 0.000000 -207.394109 99.753657 -0.000000 6.976331 0.000054 
2 215.898338 0.000000 -207.394109 99.754367 -0.000000 6.959940 0.000063 
3 215.898338 0.000000 208.578095 99.760576 -0.000001 6.954909 -0.000054 
4 -207.392145 0.000000 208.578095 99.759481 -0.000000 6.976204 -0.000062 
5 4.253097 0.000000 0.591993 99.920193 0.000001 3.983991 0.000008 
6 -207.392145 0.000000 0.591993 99.756678 -0.000000 6.979458 -0.000011 
7 4.253097 0.000000 -207.394109 99.747860 -0.000000 6.967579 0.000182 
8 215.898338 0.000000 0.591993 99.870681 0.000024 5.334764 -0.000261 
9 4.253097 0.000000 208.578095 99.766141 -0.000001 6.966447 -0.000181 
10 -101.569524 0.000000 -103.401058 99.745495 -0.000001 6.978412 0.000214 
11 -207.392145 0.000000 -103.401058 99.753861 -0.000000 6.978083 0.000047 
12 -101.569524 0.000000 -207.394109 99.750469 -0.000000 6.974439 0.000120 
13 4.253097 0.000000 -103.401058 99.722533 -0.000002 6.944119 0.000720 
14 -101.569524 0.000000 0.591993 99.757517 -0.000002 6.990782 -0.000043 
15 110.075718 0.000000 -103.401058 99.748187 -0.000002 6.913809 0.000250 
16 110.075718 0.000000 -207.394109 99.750922 -0.000000 6.961056 0.000130 
17 215.898338 0.000000 -103.401058 99.757045 -0.000001 6.920740 0.000064 
18 110.075718 0.000000 0.591993 99.957665 0.000033 4.069139 -0.000809 
19 110.075718 0.000000 104.585044 99.772939 -0.000003 6.894684 -0.000218 
20 4.253097 0.000000 104.585044 99.794854 -0.000004 6.939782 -0.000717 
21 215.898338 0.000000 104.585044 99.765368 -0.000002 6.881925 -0.000049 
22 110.075718 0.000000 208.578095 99.763670 -0.000001 6.958274 -0.000121 
23 -101.569524 0.000000 104.585044 99.768617 -0.000001 6.977889 -0.000247 
24 -207.392145 0.000000 104.585044 99.759414 -0.000000 6.977980 -0.000063 
25 -101.569524 0.000000 208.578095 99.762974 -0.000000 6.974069 -0.000129 
1 1 12 10 11 
2 12 7 13 10 
3 10 13 5 14 
4 11 10 14 6 
5 7 16 15 13 
6 16 2 17 15 
7 15 17 8 18 
8 13 15 18 5 
9 5 18 19 20 
10 18 8 21 19 
11 19 21 3 22 
12 20 19 22 9 
13 6 14 23 24 
14 14 5 20 23 
15 23 20 9 25 
16 24 23 25 4 
