2 0.000000 100.000000 335.864767
25 16 
1 -207.392145 0.000000 -207.394109 99.022354 -0.000000 13.918583 0.000085 
2 215.898338 0.000000 -207.394109 99.024435 -0.000001 13.893486 0.000113 
3 215.898338 0.000000 208.578095 99.036921 -0.000002 13.875752 -0.000085 
4 -207.392145 0.000000 208.578095 99.032366 -0.000000 13.918166 -0.000112 
5 4.253097 0.000000 0.591993 99.547772 0.000002 3.972443 0.007446 
6 -207.392145 0.000000 0.591993 99.027706 -0.000001 13.923857 -0.000036 
7 4.253097 0.000000 -207.394109 99.013038 -0.000001 13.904339 0.000309 
8 215.898338 0.000000 0.591993 99.186440 -0.000004 12.768633 -0.000099 
9 4.253097 0.000000 208.578095 99.044669 -0.000002 13.900533 -0.000307 
10 -101.569524 0.000000 -103.401058 99.009062 -0.000001 13.922419 0.000337 
11 -207.392145 0.000000 -103.401058 99.022805 -0.000001 13.921570 0.000067 
12 -101.569524 0.000000 -207.394109 99.017120 -0.000001 13.915522 0.000197 
13 4.253097 0.000000 -103.401058 98.972139 0.000000 13.866309 0.001224 
14 -101.569524 0.000000 0.591993 99.030333 -0.000004 13.943370 -0.000142 
15 110.075718 0.000000 -103.401058 99.017176 -0.000003 13.823102 0.000452 
16 110.075718 0.000000 -207.394109 99.018546 -0.000001 13.894254 0.000228 
17 215.898338 0.000000 -103.401058 99.031321 -0.000003 13.841364 0.000121 
18 110.075718 0.000000 0.591993 99.420156 0.000024 11.066056 -0.000682 
19 110.075718 0.000000 104.585044 99.066412 -0.000011 13.756549 -0.000340 
20 4.253097 0.000000 104.585044 99.097104 -0.000015 13.852076 -0.001212 
21 215.898338 0.000000 104.585044 99.061743 -0.000012 13.692954 -0.000073 
22 110.075718 0.000000 208.578095 99.041307 -0.000002 13.884714 -0.000197 
23 -101.569524 0.000000 104.585044 99.048871 -0.000003 13.920774 -0.000447 
24 -207.392145 0.000000 104.585044 99.032353 -0.000001 13.921239 -0.000121 
25 -101.569524 0.000000 208.578095 99.038644 -0.000001 13.914302 -0.000226 
1 1 12 10 11 
2 12 7 13 10 
3 10 13 5 14 
4 11 10 14 6 
5 7 16 15 13 
6 16 2 17 15 
7 15 17 8 18 
8 13 15 18 5 
9 5 18 19 20 
10 18 8 21 19 
11 19 21 3 22 
12 20 19 22 9 
13 6 14 23 24 
14 14 5 20 23 
15 23 20 9 25 
16 24 23 25 4 
