2 0.000000 100.000000 335.864767
25 16 
1 -207.392145 0.000000 -207.394109 99.937268 -0.000000 3.490372 0.000036 
2 215.898338 0.000000 -207.394109 99.937502 -0.000000 3.479167 0.000039 
3 215.898338 0.000000 208.578095 99.941342 -0.000000 3.477540 -0.000037 
4 -207.392145 0.000000 208.578095 99.941005 -0.000000 3.490328 -0.000039 
5 4.253097 0.000000 0.591993 99.956167 0.000001 3.983734 -0.000711 
6 -207.392145 0.000000 0.591993 99.939176 -0.000000 3.492394 -0.000004 
7 4.253097 0.000000 -207.394109 99.933406 -0.000000 3.484604 0.000117 
8 215.898338 0.000000 0.591993 100.006409 0.000030 1.559260 -0.000371 
9 4.253097 0.000000 208.578095 99.945145 -0.000000 3.484227 -0.000117 
10 -101.569524 0.000000 -103.401058 99.931905 -0.000000 3.491666 0.000142 
11 -207.392145 0.000000 -103.401058 99.937382 -0.000000 3.491500 0.000033 
12 -101.569524 0.000000 -207.394109 99.935174 -0.000000 3.489125 0.000079 
13 4.253097 0.000000 -103.401058 99.916593 -0.000001 3.469160 0.000464 
14 -101.569524 0.000000 0.591993 99.939487 -0.000001 3.499624 -0.000015 
15 110.075718 0.000000 -103.401058 99.932724 -0.000001 3.447578 0.000156 
16 110.075718 0.000000 -207.394109 99.935301 -0.000000 3.480165 0.000082 
17 215.898338 0.000000 -103.401058 99.938536 -0.000001 3.450161 0.000039 
18 110.075718 0.000000 0.591993 100.034115 0.000027 0.753592 -0.000739 
19 110.075718 0.000000 104.585044 99.948105 -0.000001 3.441298 -0.000147 
20 4.253097 0.000000 104.585044 99.963064 -0.000001 3.467668 -0.000464 
21 215.898338 0.000000 104.585044 99.942593 -0.000001 3.437819 -0.000034 
22 110.075718 0.000000 208.578095 99.943438 -0.000000 3.479255 -0.000080 
23 -101.569524 0.000000 104.585044 99.946702 -0.000000 3.491473 -0.000153 
24 -207.392145 0.000000 104.585044 99.940940 -0.000000 3.491462 -0.000038 
25 -101.569524 0.000000 208.578095 99.943199 -0.000000 3.488998 -0.000082 
1 1 12 10 11 
2 12 7 13 10 
3 10 13 5 14 
4 11 10 14 6 
5 7 16 15 13 
6 16 2 17 15 
7 15 17 8 18 
8 13 15 18 5 
9 5 18 19 20 
10 18 8 21 19 
11 19 21 3 22 
12 20 19 22 9 
13 6 14 23 24 
14 14 5 20 23 
15 23 20 9 25 
16 24 23 25 4 
