2 0.000000 100.000000 335.864767
25 16 
1 -207.392145 0.000000 -207.394109 99.999175 0.000000 0.000182 0.000016 
2 215.898338 0.000000 -207.394109 99.999147 0.000000 -0.005154 0.000017 
3 215.898338 0.000000 208.578095 100.000855 -0.000000 -0.005167 -0.000017 
4 -207.392145 0.000000 208.578095 100.000827 0.000000 0.000180 -0.000017 
5 4.253097 0.000000 0.591993 99.891892 0.000001 3.979452 0.000577 
6 -207.392145 0.000000 0.591993 100.000004 0.000000 0.001077 -0.000000 
7 4.253097 0.000000 -207.394109 99.997380 0.000000 -0.002434 0.000052 
8 215.898338 0.000000 0.591993 100.000060 -0.000004 -1.897426 -0.000361 
9 4.253097 0.000000 208.578095 100.002620 0.000000 -0.002442 -0.000052 
10 -101.569524 0.000000 -103.401058 99.996770 0.000000 0.000749 0.000065 
11 -207.392145 0.000000 -103.401058 99.999221 0.000000 0.000680 0.000016 
12 -101.569524 0.000000 -207.394109 99.998225 0.000000 -0.000379 0.000036 
13 4.253097 0.000000 -103.401058 99.989614 0.000000 -0.009354 0.000208 
14 -101.569524 0.000000 0.591993 100.000035 0.000000 0.004211 -0.000001 
15 110.075718 0.000000 -103.401058 99.996548 0.000000 -0.020267 0.000069 
16 110.075718 0.000000 -207.394109 99.998175 0.000000 -0.004550 0.000037 
17 215.898338 0.000000 -103.401058 99.999180 0.000000 -0.020271 0.000016 
18 110.075718 0.000000 0.591993 100.000090 -0.000004 -1.899798 -0.000363 
19 110.075718 0.000000 104.585044 100.003467 -0.000000 -0.020357 -0.000069 
20 4.253097 0.000000 104.585044 100.010388 0.000000 -0.009409 -0.000208 
21 215.898338 0.000000 104.585044 100.000826 -0.000000 -0.020376 -0.000017 
22 110.075718 0.000000 208.578095 100.001827 -0.000000 -0.004559 -0.000037 
23 -101.569524 0.000000 104.585044 100.003245 0.000000 0.000730 -0.000065 
24 -207.392145 0.000000 104.585044 100.000785 0.000000 0.000677 -0.000016 
25 -101.569524 0.000000 208.578095 100.001777 0.000000 -0.000384 -0.000036 
1 1 12 10 11 
2 12 7 13 10 
3 10 13 5 14 
4 11 10 14 6 
5 7 16 15 13 
6 16 2 17 15 
7 15 17 8 18 
8 13 15 18 5 
9 5 18 19 20 
10 18 8 21 19 
11 19 21 3 22 
12 20 19 22 9 
13 6 14 23 24 
14 14 5 20 23 
15 23 20 9 25 
16 24 23 25 4 
