2 0.000000 100.000000 335.864767
25 16 
1 -207.392145 0.000000 -207.394109 99.448562 -0.000000 10.453814 0.000070 
2 215.898338 0.000000 -207.394109 99.449903 -0.000001 10.432819 0.000087 
3 215.898338 0.000000 208.578095 99.458918 -0.000001 10.422482 -0.000070 
4 -207.392145 0.000000 208.578095 99.456477 -0.000000 10.453562 -0.000087 
5 4.253097 0.000000 0.591993 99.784009 0.000001 3.980229 0.002731 
6 -207.392145 0.000000 0.591993 99.452731 -0.000001 10.458024 -0.000022 
7 4.253097 0.000000 -207.394109 99.440951 -0.000001 10.442238 0.000246 
8 215.898338 0.000000 0.591993 99.595353 0.000013 9.080882 -0.000170 
9 4.253097 0.000000 208.578095 99.465852 -0.000001 10.439963 -0.000245 
10 -101.569524 0.000000 -103.401058 99.437759 -0.000001 10.456742 0.000279 
11 -207.392145 0.000000 -103.401058 99.448879 -0.000000 10.456185 0.000059 
12 -101.569524 0.000000 -207.394109 99.444329 -0.000000 10.451317 0.000160 
13 4.253097 0.000000 -103.401058 99.407607 -0.000002 10.411255 0.000973 
14 -101.569524 0.000000 0.591993 99.454343 -0.000003 10.473442 -0.000086 
15 110.075718 0.000000 -103.401058 99.442940 -0.000003 10.373827 0.000349 
16 110.075718 0.000000 -207.394109 99.445223 -0.000001 10.433841 0.000178 
17 215.898338 0.000000 -103.401058 99.454593 -0.000002 10.386144 0.000091 
18 110.075718 0.000000 0.591993 99.756202 0.000040 7.519804 -0.000785 
19 110.075718 0.000000 104.585044 99.478700 -0.000006 10.334820 -0.000282 
20 4.253097 0.000000 104.585044 99.506050 -0.000009 10.402671 -0.000967 
21 215.898338 0.000000 104.585044 99.470843 -0.000006 10.303738 -0.000062 
22 110.075718 0.000000 208.578095 99.462812 -0.000001 10.428195 -0.000160 
23 -101.569524 0.000000 104.585044 99.469214 -0.000002 10.455734 -0.000345 
24 -207.392145 0.000000 104.585044 99.456427 -0.000001 10.455984 -0.000091 
25 -101.569524 0.000000 208.578095 99.461331 -0.000001 10.450582 -0.000177 
1 1 12 10 11 
2 12 7 13 10 
3 10 13 5 14 
4 11 10 14 6 
5 7 16 15 13 
6 16 2 17 15 
7 15 17 8 18 
8 13 15 18 5 
9 5 18 19 20 
10 18 8 21 19 
11 19 21 3 22 
12 20 19 22 9 
13 6 14 23 24 
14 14 5 20 23 
15 23 20 9 25 
16 24 23 25 4 
