2 0.000000 100.000000 335.864767
25 16 
1 -207.385688 0.000000 -207.387580 99.753510 -0.000000 6.976367 0.000057 
2 216.026350 0.000000 -207.387580 99.754261 -0.000000 6.959110 0.000066 
3 216.026350 0.000000 208.543103 99.760794 -0.000001 6.953811 -0.000057 
4 -207.385688 0.000000 208.543103 99.759645 -0.000000 6.976234 -0.000065 
5 4.320331 0.000000 0.577762 99.954347 0.000001 4.143692 -0.000804 
6 -207.385688 0.000000 0.577762 99.756690 -0.000000 6.979661 -0.000011 
7 4.320331 0.000000 -207.387580 99.747408 -0.000001 6.967145 0.000191 
8 216.026350 0.000000 0.577762 99.871016 0.000026 5.329536 -0.000262 
9 4.320331 0.000000 208.543103 99.766659 -0.000001 6.965952 -0.000191 
10 -101.532679 0.000000 -103.404909 99.744908 -0.000001 6.978554 0.000225 
11 -207.385688 0.000000 -103.404909 99.753724 -0.000000 6.978212 0.000050 
12 -101.532679 0.000000 -207.387580 99.750152 -0.000000 6.974372 0.000127 
13 4.320331 0.000000 -103.404909 99.720772 -0.000002 6.942433 0.000757 
14 -101.532679 0.000000 0.577762 99.757562 -0.000003 6.991599 -0.000045 
15 110.173340 0.000000 -103.404909 99.747767 -0.000002 6.910614 0.000263 
16 110.173340 0.000000 -207.387580 99.750636 -0.000001 6.960281 0.000137 
17 216.026350 0.000000 -103.404909 99.757079 -0.000001 6.917898 0.000067 
18 110.173340 0.000000 0.577762 99.949995 0.000039 4.176809 -0.000745 
19 110.173340 0.000000 104.560432 99.773782 -0.000004 6.890510 -0.000229 
20 4.320331 0.000000 104.560432 99.796872 -0.000007 6.937867 -0.000755 
21 216.026350 0.000000 104.560432 99.765825 -0.000003 6.877132 -0.000051 
22 110.173340 0.000000 208.543103 99.764052 -0.000001 6.957349 -0.000127 
23 -101.532679 0.000000 104.560432 99.769270 -0.000002 6.978011 -0.000260 
24 -207.385688 0.000000 104.560432 99.759573 -0.000000 6.978105 -0.000067 
25 -101.532679 0.000000 208.543103 99.763326 -0.000001 6.973984 -0.000136 
1 1 12 10 11 
2 12 7 13 10 
3 10 13 5 14 
4 11 10 14 6 
5 7 16 15 13 
6 16 2 17 15 
7 15 17 8 18 
8 13 15 18 5 
9 5 18 19 20 
10 18 8 21 19 
11 19 21 3 22 
12 20 19 22 9 
13 6 14 23 24 
14 14 5 20 23 
15 23 20 9 25 
16 24 23 25 4 
