2 0.000000 100.000000 335.864767
25 16 
1 -207.385688 0.000000 -207.387580 98.475418 -0.000000 17.366457 0.000100 
2 216.026350 0.000000 -207.387580 98.478392 -0.000001 17.336978 0.000144 
3 216.026350 0.000000 208.543103 98.495693 -0.000003 17.308809 -0.000100 
4 -207.385688 0.000000 208.543103 98.487837 -0.000001 17.365822 -0.000143 
5 4.320331 0.000000 0.577762 99.258594 0.000002 4.119555 0.013076 
6 -207.385688 0.000000 0.577762 98.482147 -0.000001 17.372933 -0.000055 
7 4.320331 0.000000 -207.387580 98.464229 -0.000000 17.349263 0.000380 
8 216.026350 0.000000 0.577762 98.652384 -0.000021 16.375451 -0.000045 
9 4.320331 0.000000 208.543103 98.503691 -0.000003 17.343402 -0.000377 
10 -101.532679 0.000000 -103.404909 98.459379 -0.000000 17.371368 0.000399 
11 -207.385688 0.000000 -103.404909 98.476040 -0.000000 17.370144 0.000075 
12 -101.532679 0.000000 -207.387580 98.469071 -0.000000 17.362778 0.000238 
13 4.320331 0.000000 -103.404909 98.415053 0.000008 17.303476 0.001507 
14 -101.532679 0.000000 0.577762 98.486094 -0.000004 17.397155 -0.000217 
15 110.173340 0.000000 -103.404909 98.471065 -0.000001 17.254553 0.000573 
16 110.173340 0.000000 -207.387580 98.471158 -0.000001 17.337375 0.000285 
17 216.026350 0.000000 -103.404909 98.487760 -0.000003 17.279590 0.000158 
18 110.173340 0.000000 0.577762 98.945981 -0.000009 14.660614 -0.000524 
19 110.173340 0.000000 104.560432 98.538742 -0.000013 17.149587 -0.000399 
20 4.320331 0.000000 104.560432 98.570750 -0.000023 17.281730 -0.001485 
21 216.026350 0.000000 104.560432 98.543859 -0.000014 17.028365 -0.000086 
22 110.173340 0.000000 208.543103 98.500225 -0.000003 17.322511 -0.000236 
23 -101.532679 0.000000 104.560432 98.508790 -0.000004 17.368899 -0.000566 
24 -207.385688 0.000000 104.560432 98.487877 -0.000001 17.369644 -0.000157 
25 -101.532679 0.000000 208.543103 98.495802 -0.000001 17.360915 -0.000282 
1 1 12 10 11 
2 12 7 13 10 
3 10 13 5 14 
4 11 10 14 6 
5 7 16 15 13 
6 16 2 17 15 
7 15 17 8 18 
8 13 15 18 5 
9 5 18 19 20 
10 18 8 21 19 
11 19 21 3 22 
12 20 19 22 9 
13 6 14 23 24 
14 14 5 20 23 
15 23 20 9 25 
16 24 23 25 4 
