2 0.000000 100.000000 335.864767
25 16 
1 -207.385688 0.000000 -207.387580 99.937117 -0.000000 3.490407 0.000039 
2 216.026350 0.000000 -207.387580 99.937374 -0.000000 3.478276 0.000042 
3 216.026350 0.000000 208.543103 99.941527 -0.000001 3.476508 -0.000039 
4 -207.385688 0.000000 208.543103 99.941166 -0.000000 3.490359 -0.000042 
5 4.320331 0.000000 0.577762 99.985702 0.000000 4.143366 -0.001431 
6 -207.385688 0.000000 0.577762 99.939183 -0.000000 3.492598 -0.000004 
7 4.320331 0.000000 -207.387580 99.932936 -0.000000 3.484156 0.000127 
8 216.026350 0.000000 0.577762 100.003977 0.000034 1.628336 -0.000345 
9 4.320331 0.000000 208.543103 99.945650 -0.000001 3.483745 -0.000127 
10 -101.532679 0.000000 -103.404909 99.931301 -0.000001 3.491805 0.000154 
11 -207.385688 0.000000 -103.404909 99.937239 -0.000000 3.491629 0.000036 
12 -101.532679 0.000000 -207.387580 99.934847 -0.000000 3.489054 0.000085 
13 4.320331 0.000000 -103.404909 99.914760 -0.000002 3.467431 0.000502 
14 -101.532679 0.000000 0.577762 99.939515 -0.000001 3.500443 -0.000016 
15 110.173340 0.000000 -103.404909 99.932213 -0.000002 3.444159 0.000169 
16 110.173340 0.000000 -207.387580 99.934992 -0.000000 3.479353 0.000089 
17 216.026350 0.000000 -103.404909 99.938491 -0.000001 3.446950 0.000042 
18 110.173340 0.000000 0.577762 100.026325 0.000032 0.974318 -0.000621 
19 110.173340 0.000000 104.560432 99.948831 -0.000002 3.437339 -0.000158 
20 4.320331 0.000000 104.560432 99.965043 -0.000003 3.465795 -0.000502 
21 216.026350 0.000000 104.560432 99.942876 -0.000002 3.433597 -0.000037 
22 110.173340 0.000000 208.543103 99.943796 -0.000001 3.478362 -0.000086 
23 -101.532679 0.000000 104.560432 99.947344 -0.000001 3.491601 -0.000166 
24 -207.385688 0.000000 104.560432 99.941095 -0.000000 3.491589 -0.000041 
25 -101.532679 0.000000 208.543103 99.943544 -0.000000 3.488917 -0.000088 
1 1 12 10 11 
2 12 7 13 10 
3 10 13 5 14 
4 11 10 14 6 
5 7 16 15 13 
6 16 2 17 15 
7 15 17 8 18 
8 13 15 18 5 
9 5 18 19 20 
10 18 8 21 19 
11 19 21 3 22 
12 20 19 22 9 
13 6 14 23 24 
14 14 5 20 23 
15 23 20 9 25 
16 24 23 25 4 
