2 0.000000 100.000000 335.864767
25 16 
1 -207.385688 0.000000 -207.387580 99.999018 -0.000000 0.000216 0.000020 
2 216.026350 0.000000 -207.387580 99.998991 -0.000000 -0.006112 0.000020 
3 216.026350 0.000000 208.543103 100.001012 -0.000000 -0.006136 -0.000020 
4 -207.385688 0.000000 208.543103 100.000984 -0.000000 0.000213 -0.000020 
5 4.320331 0.000000 0.577762 99.916637 0.000001 4.138852 -0.000046 
6 -207.385688 0.000000 0.577762 100.000005 -0.000000 0.001283 -0.000000 
7 4.320331 0.000000 -207.387580 99.996892 -0.000000 -0.002898 0.000062 
8 216.026350 0.000000 0.577762 100.000049 -0.000004 -1.639637 -0.000270 
9 4.320331 0.000000 208.543103 100.003113 -0.000000 -0.002911 -0.000062 
10 -101.532679 0.000000 -103.404909 99.996149 -0.000000 0.000885 0.000077 
11 -207.385688 0.000000 -103.404909 99.999072 -0.000000 0.000809 0.000019 
12 -101.532679 0.000000 -207.387580 99.997888 -0.000000 -0.000454 0.000042 
13 4.320331 0.000000 -103.404909 99.987707 -0.000000 -0.011128 0.000246 
14 -101.532679 0.000000 0.577762 100.000042 -0.000000 0.005031 -0.000001 
15 110.173340 0.000000 -103.404909 99.995933 -0.000000 -0.023927 0.000081 
16 110.173340 0.000000 -207.387580 99.997840 -0.000000 -0.005400 0.000043 
17 216.026350 0.000000 -103.404909 99.999032 -0.000000 -0.023921 0.000019 
18 110.173340 0.000000 0.577762 100.000082 -0.000005 -1.643130 -0.000272 
19 110.173340 0.000000 104.560432 100.004089 -0.000000 -0.024109 -0.000082 
20 4.320331 0.000000 104.560432 100.012325 -0.000000 -0.011231 -0.000247 
21 216.026350 0.000000 104.560432 100.000975 -0.000000 -0.024121 -0.000020 
22 110.173340 0.000000 208.543103 100.002165 -0.000000 -0.005420 -0.000043 
23 -101.532679 0.000000 104.560432 100.003874 -0.000000 0.000864 -0.000077 
24 -207.385688 0.000000 104.560432 100.000935 -0.000000 0.000806 -0.000019 
25 -101.532679 0.000000 208.543103 100.002116 -0.000000 -0.000461 -0.000042 
1 1 12 10 11 
2 12 7 13 10 
3 10 13 5 14 
4 11 10 14 6 
5 7 16 15 13 
6 16 2 17 15 
7 15 17 8 18 
8 13 15 18 5 
9 5 18 19 20 
10 18 8 21 19 
11 19 21 3 22 
12 20 19 22 9 
13 6 14 23 24 
14 14 5 20 23 
15 23 20 9 25 
16 24 23 25 4 
