2 0.000000 100.000000 335.864767
25 16 
1 -207.393964 0.000000 -207.395856 99.448600 -0.000000 10.453803 0.000069 
2 216.032727 0.000000 -207.395856 99.449933 -0.000001 10.433039 0.000086 
3 216.032727 0.000000 208.592153 99.458841 -0.000001 10.422806 -0.000070 
4 -207.393964 0.000000 208.592153 99.456433 -0.000000 10.453554 -0.000086 
5 4.319381 0.000000 0.598148 99.827997 0.000001 4.155089 0.001711 
6 -207.393964 0.000000 0.598148 99.452725 -0.000001 10.457971 -0.000021 
7 4.319381 0.000000 -207.395856 99.441074 -0.000001 10.442341 0.000243 
8 216.032727 0.000000 0.598148 99.592567 0.000010 9.107496 -0.000163 
9 4.319381 0.000000 208.592153 99.465705 -0.000001 10.440088 -0.000242 
10 -101.537291 0.000000 -103.398854 99.437897 -0.000001 10.456696 0.000276 
11 -207.393964 0.000000 -103.398854 99.448912 -0.000000 10.456151 0.000058 
12 -101.537291 0.000000 -207.395856 99.444410 -0.000000 10.451329 0.000158 
13 4.319381 0.000000 -103.398854 99.408102 -0.000002 10.411622 0.000963 
14 -101.537291 0.000000 0.598148 99.454325 -0.000003 10.473251 -0.000085 
15 110.176054 0.000000 -103.398854 99.443074 -0.000003 10.374719 0.000344 
16 110.176054 0.000000 -207.395856 99.445306 -0.000001 10.434043 0.000176 
17 216.032727 0.000000 -103.398854 99.454572 -0.000002 10.386906 0.000090 
18 110.176054 0.000000 0.598148 99.747268 0.000033 7.605305 -0.000736 
19 110.176054 0.000000 104.595150 99.478379 -0.000006 10.336104 -0.000278 
20 4.319381 0.000000 104.595150 99.505463 -0.000010 10.403115 -0.000956 
21 216.032727 0.000000 104.595150 99.470632 -0.000005 10.305375 -0.000061 
22 110.176054 0.000000 208.592153 99.462690 -0.000001 10.428452 -0.000158 
23 -101.537291 0.000000 104.595150 99.469051 -0.000002 10.455697 -0.000341 
24 -207.393964 0.000000 104.595150 99.456384 -0.000001 10.455951 -0.000090 
25 -101.537291 0.000000 208.592153 99.461237 -0.000001 10.450601 -0.000175 
1 1 12 10 11 
2 12 7 13 10 
3 10 13 5 14 
4 11 10 14 6 
5 7 16 15 13 
6 16 2 17 15 
7 15 17 8 18 
8 13 15 18 5 
9 5 18 19 20 
10 18 8 21 19 
11 19 21 3 22 
12 20 19 22 9 
13 6 14 23 24 
14 14 5 20 23 
15 23 20 9 25 
16 24 23 25 4 
