2 0.000000 100.000000 335.864767
25 16 
1 -207.393964 0.000000 -207.395856 99.753695 -0.000000 6.976321 0.000053 
2 216.032727 0.000000 -207.395856 99.754399 -0.000000 6.960165 0.000062 
3 216.032727 0.000000 208.592153 99.760513 -0.000001 6.955200 -0.000053 
4 -207.393964 0.000000 208.592153 99.759439 -0.000000 6.976195 -0.000061 
5 4.319381 0.000000 0.598148 99.956752 0.000001 4.158813 -0.000865 
6 -207.393964 0.000000 0.598148 99.756674 -0.000000 6.979406 -0.000011 
7 4.319381 0.000000 -207.395856 99.747982 -0.000000 6.967685 0.000179 
8 216.032727 0.000000 0.598148 99.867679 0.000023 5.377758 -0.000247 
9 4.319381 0.000000 208.592153 99.766004 -0.000001 6.966566 -0.000179 
10 -101.537291 0.000000 -103.398854 99.745637 -0.000001 6.978370 0.000211 
11 -207.393964 0.000000 -103.398854 99.753895 -0.000000 6.978050 0.000047 
12 -101.537291 0.000000 -207.395856 99.750550 -0.000000 6.974453 0.000118 
13 4.319381 0.000000 -103.398854 99.723023 -0.000002 6.944504 0.000709 
14 -101.537291 0.000000 0.598148 99.757505 -0.000002 6.990592 -0.000043 
15 110.176054 0.000000 -103.398854 99.748330 -0.000002 6.914714 0.000246 
16 110.176054 0.000000 -207.395856 99.751006 -0.000000 6.961260 0.000128 
17 216.032727 0.000000 -103.398854 99.757040 -0.000001 6.921551 0.000063 
18 110.176054 0.000000 0.598148 99.950486 0.000031 4.172212 -0.000751 
19 110.176054 0.000000 104.595150 99.772680 -0.000003 6.895834 -0.000214 
20 4.319381 0.000000 104.595150 99.794306 -0.000005 6.940215 -0.000707 
21 216.032727 0.000000 104.595150 99.765235 -0.000002 6.883266 -0.000048 
22 110.176054 0.000000 208.592153 99.763562 -0.000001 6.958513 -0.000119 
23 -101.537291 0.000000 104.595150 99.768459 -0.000001 6.977853 -0.000244 
24 -207.393964 0.000000 104.595150 99.759373 -0.000000 6.977947 -0.000062 
25 -101.537291 0.000000 208.592153 99.762885 -0.000000 6.974087 -0.000127 
1 1 12 10 11 
2 12 7 13 10 
3 10 13 5 14 
4 11 10 14 6 
5 7 16 15 13 
6 16 2 17 15 
7 15 17 8 18 
8 13 15 18 5 
9 5 18 19 20 
10 18 8 21 19 
11 19 21 3 22 
12 20 19 22 9 
13 6 14 23 24 
14 14 5 20 23 
15 23 20 9 25 
16 24 23 25 4 
