2 0.000000 100.000000 335.864767
25 16 
1 -215.780401 0.000000 -215.782293 99.448766 0.000000 10.453763 0.000066 
2 224.760028 0.000000 -215.782293 99.450044 0.000000 10.434002 0.000082 
3 224.760028 0.000000 219.144996 99.458480 0.000000 10.424661 -0.000066 
4 -215.780401 0.000000 219.144996 99.456237 0.000000 10.453485 -0.000082 
5 4.489813 0.000000 1.681351 108.109115 -0.000010 4.025320 -0.170378 
6 -215.780401 0.000000 1.681351 99.452770 -0.000000 10.457745 -0.000022 
7 4.489813 0.000000 -215.782293 99.441596 0.000000 10.442838 0.000232 
8 224.760028 0.000000 1.681351 99.592729 0.000033 9.107210 -0.000165 
9 4.489813 0.000000 219.144996 99.464874 0.000000 10.440826 -0.000227 
10 -105.645294 0.000000 -107.050471 99.438542 -0.000000 10.456613 0.000264 
11 -215.780401 0.000000 -107.050471 99.449078 -0.000000 10.456022 0.000055 
12 -105.645294 0.000000 -215.782293 99.444769 0.000000 10.451406 0.000151 
13 4.489813 0.000000 -107.050471 99.409812 -0.000000 10.413255 0.000925 
14 -105.645294 0.000000 1.681351 99.454756 -0.000000 10.472372 -0.000092 
15 114.624921 0.000000 -107.050471 99.443593 0.000000 10.378047 0.000327 
16 114.624921 0.000000 -215.782293 99.445640 0.000000 10.434948 0.000168 
17 224.760028 0.000000 -107.050471 99.454508 0.000000 10.389822 0.000085 
18 114.624921 0.000000 1.681351 99.756239 0.000071 7.528068 -0.000798 
19 114.624921 0.000000 110.413173 99.476891 -0.000000 10.343895 -0.000265 
20 4.489813 0.000000 110.413173 99.501868 -0.000000 10.406145 -0.000891 
21 224.760028 0.000000 110.413173 99.469486 -0.000001 10.315373 -0.000059 
22 114.624921 0.000000 219.144996 99.462082 0.000000 10.429971 -0.000149 
23 -105.645294 0.000000 110.413173 99.468289 -0.000000 10.455342 -0.000325 
24 -215.780401 0.000000 110.413173 99.456239 0.000000 10.455766 -0.000087 
25 -105.645294 0.000000 219.144996 99.460743 0.000000 10.450662 -0.000166 
1 1 12 10 11 
2 12 7 13 10 
3 10 13 5 14 
4 11 10 14 6 
5 7 16 15 13 
6 16 2 17 15 
7 15 17 8 18 
8 13 15 18 5 
9 5 18 19 20 
10 18 8 21 19 
11 19 21 3 22 
12 20 19 22 9 
13 6 14 23 24 
14 14 5 20 23 
15 23 20 9 25 
16 24 23 25 4 
