2 0.000000 100.000000 335.864767
25 16 
1 -215.780401 0.000000 -215.782293 99.753830 0.000000 6.976291 0.000050 
2 224.760028 0.000000 -215.782293 99.754504 0.000000 6.960971 0.000058 
3 224.760028 0.000000 219.144996 99.760283 0.000000 6.956530 -0.000051 
4 -215.780401 0.000000 219.144996 99.759287 0.000000 6.976142 -0.000058 
5 4.489813 0.000000 1.681351 106.444210 -0.000011 2.959222 -0.133913 
6 -215.780401 0.000000 1.681351 99.756710 0.000000 6.979226 -0.000011 
7 4.489813 0.000000 -215.782293 99.748408 0.000000 6.968091 0.000170 
8 224.760028 0.000000 1.681351 99.869819 0.000010 5.348359 -0.000259 
9 4.489813 0.000000 219.144996 99.765378 0.000000 6.967129 -0.000167 
10 -105.645294 0.000000 -107.050471 99.746161 0.000000 6.978301 0.000201 
11 -215.780401 0.000000 -107.050471 99.754030 0.000000 6.977947 0.000044 
12 -105.645294 0.000000 -215.782293 99.750842 0.000000 6.974517 0.000113 
13 4.489813 0.000000 -107.050471 99.724442 0.000000 6.945848 0.000679 
14 -105.645294 0.000000 1.681351 99.757827 0.000000 6.989891 -0.000048 
15 114.624921 0.000000 -107.050471 99.748790 0.000000 6.917497 0.000233 
16 114.624921 0.000000 -215.782293 99.751285 0.000000 6.962003 0.000121 
17 224.760028 0.000000 -107.050471 99.757040 0.000000 6.924098 0.000059 
18 114.624921 0.000000 1.681351 99.960645 0.000016 4.034952 -0.000841 
19 114.624921 0.000000 110.413173 99.771736 0.000000 6.901434 -0.000203 
20 4.489813 0.000000 110.413173 99.791595 0.000000 6.942534 -0.000656 
21 224.760028 0.000000 110.413173 99.764693 0.000000 6.889747 -0.000046 
22 114.624921 0.000000 219.144996 99.763126 0.000000 6.959644 -0.000112 
23 -105.645294 0.000000 110.413173 99.767866 0.000000 6.977583 -0.000231 
24 -215.780401 0.000000 110.413173 99.759259 0.000000 6.977803 -0.000060 
25 -105.645294 0.000000 219.144996 99.762506 0.000000 6.974135 -0.000120 
1 1 12 10 11 
2 12 7 13 10 
3 10 13 5 14 
4 11 10 14 6 
5 7 16 15 13 
6 16 2 17 15 
7 15 17 8 18 
8 13 15 18 5 
9 5 18 19 20 
10 18 8 21 19 
11 19 21 3 22 
12 20 19 22 9 
13 6 14 23 24 
14 14 5 20 23 
15 23 20 9 25 
16 24 23 25 4 
