2 0.000000 100.000000 335.864767
25 16 
1 -215.780401 0.000000 -215.782293 99.937406 0.000000 3.490341 0.000033 
2 224.760028 0.000000 -215.782293 99.937629 0.000000 3.480012 0.000036 
3 224.760028 0.000000 219.144996 99.941157 0.000000 3.478673 -0.000034 
4 -215.780401 0.000000 219.144996 99.940858 0.000000 3.490282 -0.000036 
5 4.489813 0.000000 1.681351 104.674826 0.000001 1.889062 -0.096039 
6 -215.780401 0.000000 1.681351 99.939199 0.000000 3.492212 -0.000004 
7 4.489813 0.000000 -215.782293 99.933844 0.000000 3.485012 0.000108 
8 224.760028 0.000000 1.681351 100.007834 -0.000004 1.519827 -0.000388 
9 4.489813 0.000000 219.144996 99.944588 0.000000 3.484730 -0.000106 
10 -105.645294 0.000000 -107.050471 99.932435 0.000000 3.491572 0.000132 
11 -215.780401 0.000000 -107.050471 99.937517 0.000000 3.491392 0.000030 
12 -105.645294 0.000000 -215.782293 99.935471 0.000000 3.489188 0.000073 
13 4.489813 0.000000 -107.050471 99.918153 0.000000 3.470557 0.000432 
14 -105.645294 0.000000 1.681351 99.939685 0.000000 3.498926 -0.000018 
15 114.624921 0.000000 -107.050471 99.933253 0.000000 3.450615 0.000144 
16 114.624921 0.000000 -215.782293 99.935600 0.000000 3.480926 0.000076 
17 224.760028 0.000000 -107.050471 99.938597 0.000000 3.453064 0.000035 
18 114.624921 0.000000 1.681351 100.038110 0.000000 0.648331 -0.000804 
19 114.624921 0.000000 110.413173 99.947346 0.000000 3.446009 -0.000135 
20 4.489813 0.000000 110.413173 99.960702 0.000000 3.469688 -0.000418 
21 224.760028 0.000000 110.413173 99.942302 0.000000 3.442827 -0.000032 
22 114.624921 0.000000 219.144996 99.943054 0.000000 3.480242 -0.000073 
23 -105.645294 0.000000 110.413173 99.946130 0.000000 3.491255 -0.000142 
24 -215.780401 0.000000 110.413173 99.940820 0.000000 3.491328 -0.000036 
25 -105.645294 0.000000 219.144996 99.942850 0.000000 3.489050 -0.000075 
1 1 12 10 11 
2 12 7 13 10 
3 10 13 5 14 
4 11 10 14 6 
5 7 16 15 13 
6 16 2 17 15 
7 15 17 8 18 
8 13 15 18 5 
9 5 18 19 20 
10 18 8 21 19 
11 19 21 3 22 
12 20 19 22 9 
13 6 14 23 24 
14 14 5 20 23 
15 23 20 9 25 
16 24 23 25 4 
