2 0.000000 100.000000 335.864767
25 16 
1 -215.780401 0.000000 -215.782293 99.939359 -0.000000 -3.490001 -0.000006 
2 224.760028 0.000000 -215.782293 99.939372 -0.000000 -3.488296 -0.000005 
3 224.760028 0.000000 219.144996 99.938878 -0.000000 -3.488459 0.000005 
4 -215.780401 0.000000 219.144996 99.938815 -0.000000 -3.489999 0.000005 
5 4.489813 0.000000 1.681351 100.829631 -0.000014 -0.259281 -0.016668 
6 -215.780401 0.000000 1.681351 99.939081 -0.000000 -3.490311 -0.000000 
7 4.489813 0.000000 -215.782293 99.939903 -0.000000 -3.489129 -0.000016 
8 224.760028 0.000000 1.681351 99.937019 -0.000011 -3.548024 0.000000 
9 4.489813 0.000000 219.144996 99.938307 -0.000000 -3.489151 0.000016 
10 -105.645294 0.000000 -107.050471 99.940220 -0.000000 -3.490156 -0.000023 
11 -215.780401 0.000000 -107.050471 99.939352 -0.000000 -3.490171 -0.000006 
12 -105.645294 0.000000 -215.782293 99.939668 -0.000000 -3.489800 -0.000012 
13 4.489813 0.000000 -107.050471 99.942273 -0.000000 -3.486629 -0.000061 
14 -105.645294 0.000000 1.681351 99.939022 -0.000000 -3.491474 0.000000 
15 114.624921 0.000000 -107.050471 99.940146 -0.000000 -3.483731 -0.000017 
16 114.624921 0.000000 -215.782293 99.939644 -0.000000 -3.488498 -0.000010 
17 224.760028 0.000000 -107.050471 99.939513 -0.000000 -3.483386 -0.000004 
18 114.624921 0.000000 1.681351 99.931365 -0.000010 -3.705585 -0.000001 
19 114.624921 0.000000 110.413173 99.938308 -0.000000 -3.484112 0.000020 
20 4.489813 0.000000 110.413173 99.936034 -0.000000 -3.486626 0.000063 
21 224.760028 0.000000 110.413173 99.939021 -0.000000 -3.484478 0.000005 
22 114.624921 0.000000 219.144996 99.938589 -0.000000 -3.488577 0.000011 
23 -105.645294 0.000000 110.413173 99.937956 -0.000000 -3.490124 0.000022 
24 -215.780401 0.000000 110.413173 99.938817 -0.000000 -3.490166 0.000005 
25 -105.645294 0.000000 219.144996 99.938518 -0.000000 -3.489800 0.000011 
1 1 12 10 11 
2 12 7 13 10 
3 10 13 5 14 
4 11 10 14 6 
5 7 16 15 13 
6 16 2 17 15 
7 15 17 8 18 
8 13 15 18 5 
9 5 18 19 20 
10 18 8 21 19 
11 19 21 3 22 
12 20 19 22 9 
13 6 14 23 24 
14 14 5 20 23 
15 23 20 9 25 
16 24 23 25 4 
