2 0.000000 100.000000 335.864767
25 16 
1 -215.780401 0.000000 -215.782293 98.475800 -0.000000 17.366348 0.000093 
2 224.760028 0.000000 -215.782293 98.478582 0.000000 17.339059 0.000133 
3 224.760028 0.000000 219.144996 98.494454 0.000001 17.313712 -0.000092 
4 -215.780401 0.000000 219.144996 98.487339 -0.000000 17.365687 -0.000132 
5 4.489813 0.000000 1.681351 111.121635 0.000176 6.141996 -0.238574 
6 -215.780401 0.000000 1.681351 98.482172 -0.000000 17.372377 -0.000054 
7 4.489813 0.000000 -215.782293 98.465431 0.000000 17.350383 0.000352 
8 224.760028 0.000000 1.681351 98.645093 0.000017 16.418762 -0.000043 
9 4.489813 0.000000 219.144996 98.501708 -0.000000 17.345134 -0.000344 
10 -105.645294 0.000000 -107.050471 98.460876 -0.000000 17.371066 0.000370 
11 -215.780401 0.000000 -107.050471 98.476403 -0.000000 17.369807 0.000069 
12 -105.645294 0.000000 -215.782293 98.469903 -0.000000 17.362931 0.000221 
13 4.489813 0.000000 -107.050471 98.419251 -0.000000 17.307397 0.001411 
14 -105.645294 0.000000 1.681351 98.486651 -0.000001 17.395001 -0.000221 
15 114.624921 0.000000 -107.050471 98.472007 0.000001 17.262174 0.000528 
16 114.624921 0.000000 -215.782293 98.471888 0.000000 17.339398 0.000263 
17 224.760028 0.000000 -107.050471 98.487343 0.000001 17.285668 0.000145 
18 114.624921 0.000000 1.681351 98.940591 -0.000010 14.702372 -0.000540 
19 114.624921 0.000000 110.413173 98.533738 0.000002 17.169227 -0.000368 
20 4.489813 0.000000 110.413173 98.562547 -0.000004 17.288444 -0.001347 
21 224.760028 0.000000 110.413173 98.538042 0.000007 17.060156 -0.000079 
22 114.624921 0.000000 219.144996 98.498575 0.000000 17.326190 -0.000217 
23 -105.645294 0.000000 110.413173 98.506885 -0.000001 17.368218 -0.000526 
24 -215.780401 0.000000 110.413173 98.487462 -0.000000 17.369231 -0.000147 
25 -105.645294 0.000000 219.144996 98.494618 -0.000000 17.361105 -0.000260 
1 1 12 10 11 
2 12 7 13 10 
3 10 13 5 14 
4 11 10 14 6 
5 7 16 15 13 
6 16 2 17 15 
7 15 17 8 18 
8 13 15 18 5 
9 5 18 19 20 
10 18 8 21 19 
11 19 21 3 22 
12 20 19 22 9 
13 6 14 23 24 
14 14 5 20 23 
15 23 20 9 25 
16 24 23 25 4 
