2 0.000000 100.000000 335.864767
25 16 
1 -215.780401 0.000000 -215.782293 99.999274 0.000000 0.000160 0.000015 
2 224.760028 0.000000 -215.782293 99.999252 0.000000 -0.004533 0.000015 
3 224.760028 0.000000 219.144996 100.000747 0.000000 -0.004460 -0.000015 
4 -215.780401 0.000000 219.144996 100.000726 0.000000 0.000151 -0.000015 
5 4.489813 0.000000 1.681351 102.802694 0.000002 0.815860 -0.056906 
6 -215.780401 0.000000 1.681351 100.000014 0.000000 0.000949 -0.000000 
7 4.489813 0.000000 -215.782293 99.997696 0.000000 -0.002147 0.000046 
8 224.760028 0.000000 1.681351 100.000058 -0.000042 -1.634255 -0.000268 
9 4.489813 0.000000 219.144996 100.002261 0.000000 -0.002116 -0.000045 
10 -105.645294 0.000000 -107.050471 99.997144 0.000000 0.000669 0.000057 
11 -215.780401 0.000000 -107.050471 99.999315 0.000000 0.000602 0.000014 
12 -105.645294 0.000000 -215.782293 99.998436 0.000000 -0.000335 0.000031 
13 4.489813 0.000000 -107.050471 99.990771 0.000000 -0.008360 0.000185 
14 -105.645294 0.000000 1.681351 100.000108 0.000000 0.003722 -0.000002 
15 114.624921 0.000000 -107.050471 99.996974 0.000000 -0.018016 0.000060 
16 114.624921 0.000000 -215.782293 99.998398 0.000000 -0.004004 0.000032 
17 224.760028 0.000000 -107.050471 99.999284 0.000000 -0.018002 0.000014 
18 114.624921 0.000000 1.681351 100.000163 -0.000042 -1.636427 -0.000271 
19 114.624921 0.000000 110.413173 100.003020 0.000000 -0.017441 -0.000060 
20 4.489813 0.000000 110.413173 100.008893 0.000000 -0.008121 -0.000178 
21 224.760028 0.000000 110.413173 100.000729 0.000000 -0.017483 -0.000015 
22 114.624921 0.000000 219.144996 100.001584 0.000000 -0.003931 -0.000032 
23 -105.645294 0.000000 110.413173 100.002852 0.000000 0.000603 -0.000057 
24 -215.780401 0.000000 110.413173 100.000697 0.000000 0.000588 -0.000014 
25 -105.645294 0.000000 219.144996 100.001547 0.000000 -0.000345 -0.000031 
1 1 12 10 11 
2 12 7 13 10 
3 10 13 5 14 
4 11 10 14 6 
5 7 16 15 13 
6 16 2 17 15 
7 15 17 8 18 
8 13 15 18 5 
9 5 18 19 20 
10 18 8 21 19 
11 19 21 3 22 
12 20 19 22 9 
13 6 14 23 24 
14 14 5 20 23 
15 23 20 9 25 
16 24 23 25 4 
