2 0.000000 100.000000 335.864767
25 16 
1 -215.780401 0.000000 -215.782293 99.022584 0.000002 13.918523 0.000080 
2 224.760028 0.000000 -215.782293 99.024574 0.000010 13.894794 0.000107 
3 224.760028 0.000000 219.144996 99.036291 0.000021 13.878571 -0.000080 
4 -215.780401 0.000000 219.144996 99.032079 0.000002 13.918074 -0.000107 
5 4.489813 0.000000 1.681351 109.668320 0.000138 5.086641 -0.205301 
6 -215.780401 0.000000 1.681351 99.027750 0.000003 13.923533 -0.000036 
7 4.489813 0.000000 -215.782293 99.013769 0.000007 13.905015 0.000292 
8 224.760028 0.000000 1.681351 99.182649 0.000143 12.797058 -0.000096 
9 4.489813 0.000000 219.144996 99.043470 0.000009 13.901578 -0.000286 
10 -105.645294 0.000000 -107.050471 99.009948 0.000007 13.922272 0.000320 
11 -215.780401 0.000000 -107.050471 99.023031 0.000003 13.921381 0.000063 
12 -105.645294 0.000000 -215.782293 99.017619 0.000004 13.915618 0.000187 
13 4.489813 0.000000 -107.050471 98.974599 0.000022 13.868534 0.001169 
14 -105.645294 0.000000 1.681351 99.030844 0.000011 13.942135 -0.000149 
15 114.624921 0.000000 -107.050471 99.017863 0.000036 13.827763 0.000426 
16 114.624921 0.000000 -215.782293 99.019008 0.000009 13.895498 0.000215 
17 224.760028 0.000000 -107.050471 99.031151 0.000034 13.845268 0.000114 
18 114.624921 0.000000 1.681351 99.416955 -0.000411 11.097943 -0.000690 
19 114.624921 0.000000 110.413173 99.063808 0.000076 13.768260 -0.000320 
20 4.489813 0.000000 110.413173 99.091974 0.000033 13.856263 -0.001122 
21 224.760028 0.000000 110.413173 99.059239 0.000113 13.709833 -0.000069 
22 114.624921 0.000000 219.144996 99.040367 0.000016 13.886922 -0.000184 
23 -105.645294 0.000000 110.413173 99.047774 0.000008 13.920298 -0.000424 
24 -215.780401 0.000000 110.413173 99.032131 0.000003 13.920981 -0.000116 
25 -105.645294 0.000000 219.144996 99.037936 0.000005 13.914395 -0.000212 
1 1 12 10 11 
2 12 7 13 10 
3 10 13 5 14 
4 11 10 14 6 
5 7 16 15 13 
6 16 2 17 15 
7 15 17 8 18 
8 13 15 18 5 
9 5 18 19 20 
10 18 8 21 19 
11 19 21 3 22 
12 20 19 22 9 
13 6 14 23 24 
14 14 5 20 23 
15 23 20 9 25 
16 24 23 25 4 
