Custom CST 9% (SC(2)-0410-derived)
1.000000 0.002421
0.999938 0.002431
0.999751 0.002458
0.999439 0.002505
0.999003 0.002569
0.998443 0.002652
0.997759 0.002754
0.996950 0.002874
0.996018 0.003011
0.994962 0.003167
0.993782 0.003341
0.992480 0.003533
0.991055 0.003742
0.989507 0.003968
0.987838 0.004211
0.986046 0.004472
0.984134 0.004749
0.982101 0.005042
0.979948 0.005351
0.977675 0.005676
0.975284 0.006016
0.972774 0.006370
0.970146 0.006740
0.967400 0.007123
0.964539 0.007520
0.961561 0.007930
0.958469 0.008352
0.955262 0.008786
0.951942 0.009232
0.948509 0.009689
0.944964 0.010157
0.941309 0.010635
0.937544 0.011122
0.933669 0.011618
0.929686 0.012122
0.925597 0.012634
0.921401 0.013154
0.917100 0.013681
0.912695 0.014214
0.908188 0.014754
0.903579 0.015299
0.898869 0.015849
0.894059 0.016404
0.889152 0.016964
0.884147 0.017528
0.879047 0.018096
0.873852 0.018667
0.868565 0.019242
0.863185 0.019820
0.857715 0.020400
0.852155 0.020983
0.846508 0.021569
0.840775 0.022156
0.834956 0.022745
0.829054 0.023336
0.823070 0.023928
0.817006 0.024521
0.810862 0.025115
0.804642 0.025709
0.798345 0.026303
0.791974 0.026897
0.785530 0.027491
0.779014 0.028083
0.772430 0.028673
0.765777 0.029262
0.759059 0.029847
0.752275 0.030430
0.745429 0.031009
0.738522 0.031583
0.731555 0.032153
0.724530 0.032717
0.717450 0.033274
0.710315 0.033825
0.703128 0.034367
0.695890 0.034901
0.688604 0.035426
0.681270 0.035940
0.673891 0.036444
0.666469 0.036937
0.659006 0.037417
0.651503 0.037885
0.643962 0.038339
0.636385 0.038780
0.628774 0.039206
0.621131 0.039617
0.613458 0.040013
0.605757 0.040393
0.598029 0.040757
0.590277 0.041105
0.582502 0.041436
0.574707 0.041751
0.566893 0.042050
0.559063 0.042332
0.551217 0.042597
0.543359 0.042846
0.535491 0.043079
0.527613 0.043296
0.519728 0.043498
0.511839 0.043684
0.503947 0.043855
0.496053 0.044012
0.488161 0.044155
0.480272 0.044284
0.472387 0.044400
0.464509 0.044502
0.456641 0.044593
0.448783 0.044671
0.440937 0.044737
0.433107 0.044792
0.425293 0.044836
0.417498 0.044869
0.409723 0.044892
0.401971 0.044904
0.394243 0.044905
0.386542 0.044897
0.378869 0.044878
0.371226 0.044849
0.363615 0.044810
0.356038 0.044760
0.348497 0.044700
0.340994 0.044629
0.333531 0.044547
0.326109 0.044454
0.318730 0.044350
0.311396 0.044234
0.304110 0.044106
0.296872 0.043966
0.289685 0.043813
0.282550 0.043648
0.275470 0.043470
0.268445 0.043280
0.261478 0.043076
0.254571 0.042858
0.247725 0.042628
0.240941 0.042384
0.234223 0.042127
0.227570 0.041857
0.220986 0.041573
0.214470 0.041277
0.208026 0.040969
0.201655 0.040648
0.195358 0.040315
0.189138 0.039971
0.182994 0.039615
0.176930 0.039249
0.170946 0.038873
0.165044 0.038487
0.159225 0.038091
0.153492 0.037686
0.147845 0.037273
0.142285 0.036852
0.136815 0.036423
0.131435 0.035987
0.126148 0.035543
0.120953 0.035092
0.115853 0.034634
0.110848 0.034170
0.105941 0.033698
0.101131 0.033219
0.096421 0.032732
0.091812 0.032238
0.087305 0.031736
0.082900 0.031224
0.078599 0.030704
0.074403 0.030173
0.070314 0.029632
0.066331 0.029078
0.062456 0.028513
0.058691 0.027933
0.055036 0.027339
0.051491 0.026729
0.048058 0.026103
0.044738 0.025459
0.041531 0.024797
0.038439 0.024114
0.035461 0.023412
0.032600 0.022687
0.029854 0.021941
0.027226 0.021171
0.024716 0.020378
0.022325 0.019562
0.020052 0.018720
0.017899 0.017855
0.015866 0.016965
0.013954 0.016050
0.012162 0.015112
0.010493 0.014149
0.008945 0.013164
0.007520 0.012157
0.006218 0.011128
0.005038 0.010080
0.003982 0.009013
0.003050 0.007928
0.002241 0.006828
0.001557 0.005714
0.000997 0.004587
0.000561 0.003451
0.000249 0.002306
0.000062 0.001155
0.000000 -0.000000
0.000062 -0.001147
0.000249 -0.002293
0.000561 -0.003436
0.000997 -0.004574
0.001557 -0.005704
0.002241 -0.006824
0.003050 -0.007931
0.003982 -0.009023
0.005038 -0.010098
0.006218 -0.011155
0.007520 -0.012191
0.008945 -0.013206
0.010493 -0.014197
0.012162 -0.015165
0.013954 -0.016108
0.015866 -0.017026
0.017899 -0.017918
0.020052 -0.018785
0.022325 -0.019626
0.024716 -0.020442
0.027226 -0.021233
0.029854 -0.022000
0.032600 -0.022745
0.035461 -0.023467
0.038439 -0.024167
0.041531 -0.024848
0.044738 -0.025511
0.048058 -0.026155
0.051491 -0.026784
0.055036 -0.027397
0.058691 -0.027997
0.062456 -0.028584
0.066331 -0.029160
0.070314 -0.029726
0.074403 -0.030283
0.078599 -0.030831
0.082900 -0.031371
0.087305 -0.031905
0.091812 -0.032431
0.096421 -0.032952
0.101131 -0.033467
0.105941 -0.033976
0.110848 -0.034479
0.115853 -0.034975
0.120953 -0.035466
0.126148 -0.035950
0.131435 -0.036426
0.136815 -0.036895
0.142285 -0.037356
0.147845 -0.037808
0.153492 -0.038249
0.159225 -0.038681
0.165044 -0.039101
0.170946 -0.039510
0.176930 -0.039906
0.182994 -0.040289
0.189138 -0.040659
0.195358 -0.041014
0.201655 -0.041355
0.208026 -0.041680
0.214470 -0.041991
0.220986 -0.042286
0.227570 -0.042565
0.234223 -0.042829
0.240941 -0.043077
0.247725 -0.043309
0.254571 -0.043526
0.261478 -0.043728
0.268445 -0.043916
0.275470 -0.044089
0.282550 -0.044247
0.289685 -0.044392
0.296872 -0.044523
0.304110 -0.044641
0.311396 -0.044747
0.318730 -0.044839
0.326109 -0.044919
0.333531 -0.044986
0.340994 -0.045041
0.348497 -0.045084
0.356038 -0.045113
0.363615 -0.045130
0.371226 -0.045133
0.378869 -0.045121
0.386542 -0.045095
0.394243 -0.045054
0.401971 -0.044995
0.409723 -0.044920
0.417498 -0.044825
0.425293 -0.044711
0.433107 -0.044575
0.440937 -0.044417
0.448783 -0.044236
0.456641 -0.044029
0.464509 -0.043795
0.472387 -0.043534
0.480272 -0.043243
0.488161 -0.042921
0.496053 -0.042568
0.503947 -0.042182
0.511839 -0.041761
0.519728 -0.041306
0.527613 -0.040816
0.535491 -0.040289
0.543359 -0.039726
0.551217 -0.039126
0.559063 -0.038490
0.566893 -0.037817
0.574707 -0.037108
0.582502 -0.036364
0.590277 -0.035586
0.598029 -0.034774
0.605757 -0.033930
0.613458 -0.033055
0.621131 -0.032152
0.628774 -0.031221
0.636385 -0.030266
0.643962 -0.029287
0.651503 -0.028288
0.659006 -0.027271
0.666469 -0.026238
0.673891 -0.025192
0.681270 -0.024136
0.688604 -0.023073
0.695890 -0.022004
0.703128 -0.020934
0.710315 -0.019864
0.717450 -0.018797
0.724530 -0.017737
0.731555 -0.016685
0.738522 -0.015644
0.745429 -0.014616
0.752275 -0.013604
0.759059 -0.012610
0.765777 -0.011636
0.772430 -0.010684
0.779014 -0.009756
0.785530 -0.008853
0.791974 -0.007977
0.798345 -0.007129
0.804642 -0.006311
0.810862 -0.005523
0.817006 -0.004767
0.823070 -0.004043
0.829054 -0.003353
0.834956 -0.002696
0.840775 -0.002074
0.846508 -0.001486
0.852155 -0.000933
0.857715 -0.000416
0.863185 0.000066
0.868565 0.000513
0.873852 0.000925
0.879047 0.001301
0.884147 0.001643
0.889152 0.001950
0.894059 0.002222
0.898869 0.002461
0.903579 0.002666
0.908188 0.002838
0.912695 0.002978
0.917100 0.003086
0.921401 0.003163
0.925597 0.003210
0.929686 0.003228
0.933669 0.003218
0.937544 0.003181
0.941309 0.003118
0.944964 0.003030
0.948509 0.002918
0.951942 0.002785
0.955262 0.002631
0.958469 0.002458
0.961561 0.002269
0.964539 0.002063
0.967400 0.001844
0.970146 0.001614
0.972774 0.001373
0.975284 0.001125
0.977675 0.000871
0.979948 0.000614
0.982101 0.000355
0.984134 0.000097
0.986046 -0.000158
0.987838 -0.000409
0.989507 -0.000653
0.991055 -0.000887
0.992480 -0.001111
0.993782 -0.001322
0.994962 -0.001519
0.996018 -0.001700
0.996950 -0.001863
0.997759 -0.002008
0.998443 -0.002132
0.999003 -0.002235
0.999439 -0.002316
0.999751 -0.002374
0.999938 -0.002410
1.000000 -0.002421